0 0.43141592968750003 0.48672566406250006 0.33001475 0.525442478125 0.2802359875 0.6167035390625 0.35951327499999997 0.6084070796875001 0.43141592968750003 0.48672566406250006
0 0.42404129843750005 0.6222345125000001 0.525442478125 0.4397123890625 0.4535398234375 0.4756637171875 0.3761061953125 0.611172565625 0.42404129843750005 0.6222345125000001
0 0.7079646015625001 0.525442478125 0.86836283125 0.525442478125 0.8849557515625 0.46460177031249994 0.7042772859374999 0.46460177031249994 0.7079646015625001 0.525442478125
0 0.7964601765625 0.6360619468750001 0.8185840703125 0.569690265625 0.7853982296875001 0.5337389375 0.7079646015625001 0.5199115046875 0.7964601765625 0.6360619468750001
0 0.776179940625 0.6969026546875 0.6415929203124999 0.6222345125000001 0.7079646015625001 0.7494469031250001 0.776179940625 0.6969026546875
0 0.7632743359374999 0.8932522125 0.8167404125 0.8960176984375 0.7927728609375 0.7549778765624999 0.746681415625 0.7771017703124999 0.7632743359374999 0.8932522125
0 0.5383480828125 0.8932522125 0.621312684375 0.7881637171875 0.5715339234375 0.680309734375 0.48119469062500003 0.7992256640625001 0.5383480828125 0.8932522125
0 0.4332595875 0.793694690625 0.5604719765625 0.6996681421875001 0.5512536875 0.6747787609375 0.3908554578125 0.7411504421874999 0.4332595875 0.793694690625
0 0.32264011875 1 0.36135693281250003 0.9679203546874999 0.35213864375 0.9015486718749999 0.30235988125 0.9181415921875 0.32264011875 1
0 0.4535398234375 0.9900442484375 0.40191740468750004 0.8185840703125 0.37057522187499997 0.8462389375000001 0.3797935109375 0.9789823015625 0.4535398234375 0.9900442484375
0 0.488569321875 0.9568584078125 0.45169616562500003 0.8185840703125 0.418510325 0.8324115046875 0.45538348125 0.9900442484375 0.488569321875 0.9568584078125
0 0.26364306718749997 1 0.3097345125 0.9983407078125 0.2894542765625 0.9540929203124999 0.21202064843750001 0.9872787609375001 0.26364306718749997 1
0 0.180678465625 0.9347345125000001 0.2747050140625 0.9375 0.2783923296875 0.904314159375 0.16592920312499998 0.8932522125 0.180678465625 0.9347345125000001
0 0.28761061875 0.86836283125 0.1898967546875 0.879424778125 0.1935840703125 0.8987831859375 0.355825959375 0.890486725 0.33001475 0.8517699109375 0.28761061875 0.86836283125
0 0.1862094390625 0.8517699109375 0.180678465625 0.8766592921875 0.28761061875 0.8738938046875001 0.28207964531249996 0.8490044250000001 0.1862094390625 0.8517699109375
0 0.3318584078125 0.73838495625 0.2599557515625 0.7577433625000001 0.2562684359375 0.8130530968749999 0.3318584078125 0.8047566375 0.3318584078125 0.73838495625
0 0.2267699109375 0.746681415625 0.30235988125 0.746681415625 0.32264011875 0.7217920359375001 0.2378318578125 0.7134955749999999 0.2267699109375 0.746681415625
0 0.3502949859375 0.6167035390625 0.2525811203125 0.6360619468750001 0.261799409375 0.6996681421875001 0.3466076703125 0.69413716875 0.3502949859375 0.6167035390625
0 0.38163716875000003 0.73838495625 0.49963126874999997 0.6720132750000001 0.42588495625 0.6443584078125 0.355825959375 0.69413716875 0.38163716875000003 0.73838495625
0 0.8019911499999999 1 0.8370206484375 0.9457964609375 0.739306784375 0.9568584078125 0.7374631265625 1 0.8019911499999999 1