0 0.515625 0.61875 0.06640625 0.02890625
0 0.35 0.36484375 0.0234375 0.03671875
0 0.3671875 0.34140625 0.015625 0.04140625
0 0.3953125 0.31796875 0.053125 0.03671875
0 0.50859375 0.45859375 0.0609375 0.02578125
0 0.5265625 0.490625 0.0296875 0.0390625
0 0.4921875 0.1953125 0.05859375 0.03125
0 0.6015625 0.1796875 0.0546875 0.03125
0 0.68359375 0.22265625 0.03515625 0.02890625
0 0.73828125 0.1875 0.0546875 0.02578125
0 0.765625 0.2203125 0.03125 0.02890625
0 0.2535789578125 0.47334738906249996 0.3161812640625 0.44798949375 0.3114266578125 0.4342539671875 0.2496167875 0.4606684421875 0.2535789578125 0.47334738906249996
0 0.2527865234375 0.4606684421875 0.305087184375 0.436367125 0.301917446875 0.42474475468749995 0.250409221875 0.44798949375 0.2527865234375 0.4606684421875