0 0.07109375 0.55078125 0.053125 0.11328125
0 0.15703125 0.70703125 0.10390625 0.07265625
0 0.3515625 0.81796875 0.0828125 0.04375
0 0.3984375 0.86328125 0.096875 0.05390625
0 0.47890625 0.83046875 0.1328125 0.04609375
0 0.6421875 0.75390625 0.0765625 0.0375
0 0.66875 0.7984375 0.053125 0.0921875
0 0.74921875 0.8390625 0.14609375 0.05234375
0 0.75 0.75390625 0.03046875 0.09296875
0 0.91328125 0.74375 0.1734375 0.053125
0 0.9546875 0.796875 0.090625 0.0578125
0 0.3859375 0.53203125 0.2484375 0.07265625
0 0.41640625 0.4609375 0.26171875 0.0484375
0 0.4578125 0.3796875 0.1203125 0.04453125
0 0.58203125 0.29296875 0.13515625 0.05625
0 0.76523996875 0.2867642875 0.6638600875 0.3582000265625 0.6822927937500001 0.38124381406249996 0.792513596875 0.3075451703125 0.76523996875 0.2867642875
0 0.74921875 0.37265625 0.12109375 0.0453125
0 0.83897079375 0.4849408546875 1 0.42272263125 0.9990032734375 0.390509771875 0.8266823234375 0.450375175 0.83897079375 0.4849408546875
0 0.986432440625 0.3628087828125 0.8743001453125 0.418113871875 0.888124675 0.436548903125 0.9940868515625001 0.3831351390625 0.986432440625 0.3628087828125
0 0.92109375 0.36875 0.05703125 0.02578125
0 0.90078125 0.525 0.09921875 0.03515625
0 0.38046875 0.2546875 0.271875 0.0359375
0 0.215625 0.296875 0.30625 0.053125
0 0.8405068531250001 0.593246653125 0.7514154390625001 0.4595926875 0.70647623125 0.488223634375 0.80210538125 0.623203575 0.8405068531250001 0.593246653125
0 0.963391559375 0.461897065625 0.9987209109374999 0.44115765937500007 0.9953159578124999 0.41816463906249995 0.9526391453124999 0.44346203749999996 0.963391559375 0.461897065625
0 0.803641440625 0.6208991968750001 0.662324028125 0.5079846421875 0.645020971875 0.5416897125 0.785208734375 0.639334225 0.803641440625 0.6208991968750001