0 0.30275672343750004 0.15300451875 0.273341959375 0 0.250116978125 0.006227901562500001 0.28314687968749996 0.1610400765625 0.30275672343750004 0.15300451875
0 0.158356975 0.17845045312500002 0.202924796875 0.059256339062499996 0.1823807921875 0.0405148421875 0.14587798125 0.1650578578125 0.158356975 0.17845045312500002
0 0.8109375 0.215625 0.03515625 0.153125
0 0.70234375 0.20078125 0.02578125 0.2390625
0 0.58984375 0.0359375 0.1125 0.05
0 0.62421875 0.5 0.05234375 0.09609375
0 0.42890625 0.0421875 0.05703125 0.084375
0 0.38671875 0.3375 0.0328125 0.171875
0 0.4046875 0.4796875 0.0234375 0.15546875
0 0.425 0.384375 0.03984375 0.09453125
0 0.87578125 0.20859375 0.04609375 0.196875
0 0.24214448437499997 0.2199675078125 0.2947345125 0.4208564640625 0.3188011375 0.3994283109375 0.266516265625 0.2065922015625 0.24214448437499997 0.2199675078125
0 0.3713911703125 0.280234196875 0.2760160296875 0.13693340468749998 0.257960115625 0.170162328125 0.3615862515625 0.32309050781250004 0.3713911703125 0.280234196875
0 0.3918923703125 0.582906896875 0.358912178125 0.41416016874999995 0.3393023375 0.423534984375 0.36871710156250004 0.588263934375 0.3918923703125 0.582906896875
0 0.5015292140625001 0.615049125 0.4516132546875 0.542729103125 0.430509134375 0.5837485250000001 0.48459344375 0.6806728578125 0.5015292140625001 0.615049125
0 0.545205684375 0.6806728578125 0.5371834734375 0.5922817109375 0.4982453203125 0.5955346609375 0.505094640625 0.6793335953125 0.545205684375 0.6806728578125
0 0.4587441046875 0.7355825031250001 0.509551421875 0.7181721249999999 0.49885514531249997 0.6605839625 0.451899509375 0.67375174375 0.4587441046875 0.7355825031250001
0 0.1824236 0.0324711421875 0.23679634218749998 0.07934523437499999 0.22610006562499999 0.0003289125 0.1512261203125 0.00166816875 0.15813836718750002 0.104802853125 0.1824236 0.0324711421875