0 0.098820059375 0.422566371875 0.10176991093750001 0.3960176984375 0.076696165625 0.33407079687499996 0.0707964609375 0.298672565625 0.0648967546875 0.29203539843750004 0.054572271875 0.2964601765625 0.060471976562499995 0.338495575 0.088495575 0.4070796453125 0.0825958703125 0.43141592968750003 0.0825958703125 0.44469026562499997 0.0870206484375 0.44469026562499997 0.098820059375 0.422566371875
0 0.2492625375 0.327433628125 0.22713864374999998 0.2787610625 0.23746312656250002 0.484513275 0.24188790624999998 0.49336283124999997 0.2522123890625 0.49336283124999997 0.2595870203125 0.482300884375 0.2595870203125 0.4535398234375 0.2492625375 0.327433628125
0 0.312684365625 0.621681415625 0.30235988125 0.6305309734375 0.30088495625 0.6415929203124999 0.312684365625 0.6637168140624999 0.3879056046875 0.7345132750000001 0.3761061953125 0.7035398234375 0.3259587015625 0.6570796453125001 0.312684365625 0.621681415625
0 0.4837758109375 0.0442477875 0.44542772812500003 0.061946903124999994 0.38053097343750003 0.1305309734375 0.3377581125 0.15486725625 0.3362831859375 0.1703539828125 0.342182890625 0.18362831875000002 0.36430678437499997 0.1814159296875 0.4321533921875 0.10398230156249999 0.49557522187499997 0.06637168125000001 0.4837758109375 0.0442477875
0 0.44542772812500003 0.25442477812500003 0.3952802359375 0.25884955781249996 0.35250737499999996 0.238938053125 0.3436578171875 0.24557522187499997 0.342182890625 0.26548672500000003 0.3657817109375 0.28318584062499996 0.5058997046875 0.29203539843750004 0.5014749265625 0.26991150468749997 0.49262536875 0.2632743359375 0.44542772812500003 0.25442477812500003
0 0.96484375 0.2578125 0.04296875 0.065625
0 0.965625 0.1765625 0.06796875 0.06171875
0 0.9828125 0.33203125 0.034375 0.140625
0 0.90078125 0.34609375 0.07578125 0.23359375
0 0.9171875 0.1328125 0.0421875 0.20703125
0 0.72578125 0.11484375 0.06796875 0.07578125
0 0.71328125 0.6046875 0.03828125 0.16953125
0 0.6796875 0.7265625 0.021875 0.1765625
0 0.64375 0.6390625 0.0453125 0.078125
0 0.4953125 0.840625 0.0515625 0.0609375
0 0.5390625 0.8953125 0.0765625 0.078125
0 0.543194859375 0.8883912281249999 0.6187047359375 0.8475696265625 0.6204607796875 0.79753024375 0.5221223359375 0.8278172390625 0.543194859375 0.8883912281249999
0 0.7091409828125 0.8436191484375 0.7828948140625 0.697451478125 0.7576830046875 0.6730009484374999 0.68367835 0.8159658046875 0.7091409828125 0.8436191484375
0 0.839088209375 0.6987683031249999 0.92601236875 0.53284824375 0.899671715625 0.509145378125 0.813625578125 0.6763822625 0.839088209375 0.6987683031249999
0 0.8944035843749999 0.45383869218750006 0.7433838328125 0.5605015890625 0.7547981171875 0.6000063625000001 0.9119640203125 0.4841256875 0.8944035843749999 0.45383869218750006
0 0.7152871359375 0.2866018078125 0.638021215625 0.0811769734375 0.5912270421875 0.1083148953125 0.6924585671875 0.32083928125 0.7152871359375 0.2866018078125
0 0.7073849375 0.3498094484375 0.589730015625 0.1707211328125 0.5659425921875 0.202078065625 0.6950926328125 0.37482914218749996 0.7073849375 0.3498094484375
0 0.9423999609375 0.0071770968749999995 0.89528160625 0.0100683765625 0.7776266828125 0.057474107812499994 0.7899189875 0.10619666406249999 0.890891496875 0.0640582375 0.9423999609375 0.0071770968749999995
0 0.675 0.0234375 0.02734375 0.046875