0 0.49453125 0.41015625 0.4453125 0.03515625
0 0.22421875 0.3515625 0.34765625 0.090625
0 0.1953125 0.52578125 0.18515625 0.04375
0 0.10078125 0.45546875 0.2015625 0.0546875
0 0.70078125 0.4984375 0.4046875 0.0484375
0 0.95703125 0.6671875 0.05078125 0.1765625
0 0.934375 0.7640625 0.13046875 0.0609375
0 0.3070832046875 0.6915817015625 0.7851261703125 0.6388248703125 0.7824202671875 0.6050063890625 0.3021566109375 0.66429924375 0.3070832046875 0.6915817015625
0 0.1988470625 0.7822152359375 0.5433987828125 0.69293444375 0.4928885828125 0.6618214390625 0.1838304921875 0.7400568187500001 0.1988470625 0.7822152359375
0 0.22567753437500002 0.46624729531250003 0.23041593593749998 0.498139984375 0.4649275796875 0.43050301874999997 0.5479086234375 0.4345612359375 0.4694374203125 0.41697562499999996 0.22567753437500002 0.46624729531250003
0 0.4387705125 0.5617187296874999 0.3043773015625 0.4710851984375 0.2805115890625 0.49330357031250005 0.4189272203125 0.5901262546875 0.4387705125 0.5617187296874999