0 0.825 0.02890625 0.0421875 0.05703125
0 0.53828125 0.06171875 0.01640625 0.084375
0 0.36875 0.284375 0.04296875 0.053125
0 0.24765625 0.20546875 0.04609375 0.025
0 0.2390625 0.1625 0.03828125 0.0453125
0 0.14609375 0.1390625 0.0265625 0.05703125
0 0.17421875 0.08359375 0.03359375 0.053125
0 0.11953125 0.1296875 0.01796875 0.084375
0 0.034375 0.26328125 0.03125 0.06875
0 0.04296875 0.34453125 0.02890625 0.03828125
0 0.0640625 0.3953125 0.04609375 0.06015625
0 0.3265625 0.528125 0.04296875 0.02265625
0 0.31796875 0.48125 0.0328125 0.03359375
0 0.42109375 0.678125 0.02109375 0.07109375
0 0.50703125 0.7671875 0.04453125 0.03828125
0 0.953125 0.67578125 0.059375 0.0671875
0 0.859375 0.90390625 0.03828125 0.0921875
0 0.86953125 0.8375 0.06875 0.03984375
0 0.759375 0.9453125 0.04609375 0.01796875
0 0.26796875 0.41171875 0.046875 0.040625