0 0.64375 0.03828125 0.01640625 0.06484375
0 0.58046875 0.1546875 0.0265625 0.04609375
0 0.6203125 0.2015625 0.03046875 0.04140625
0 0.546875 0.26484375 0.0546875 0.05546875
0 0.59375 0.296875 0.01796875 0.0828125
0 0.5859375 0.38203125 0.0359375 0.03203125
0 0.54921875 0.44765625 0.03828125 0.02890625
0 0.5234375 0.47890625 0.05703125 0.04765625
0 0.5015625 0.403125 0.02421875 0.0546875
0 0.41484375 0.4171875 0.04765625 0.03515625
0 0.42109375 0.484375 0.02734375 0.08203125
0 0.39140625 0.59765625 0.03515625 0.08984375
0 0.43046875 0.59453125 0.03125 0.10390625
0 0.496875 0.0296875 0.02109375 0.05703125
0 0.32265625 0.16171875 0.025 0.0484375
0 0.3828125 0.25625 0.0390625 0.08828125
0 0.34609375 0.24609375 0.03125 0.065625
0 0.18515625 0.01875 0.01640625 0.0359375
0 0.09296875 0.0859375 0.01953125 0.10234375
0 0.32734375 0.58046875 0.0109375 0.09296875
0 0.27734375 0.51484375 0.028125 0.0296875
0 0.3066829859375 0.5782491484375 0.3199196296875 0.5703431953125 0.287563390625 0.453071565625 0.275797484375 0.463612834375 0.3066829859375 0.5782491484375
0 0.059375 0.32421875 0.025 0.1203125
0 0.034375 0.48203125 0.0546875 0.01328125
0 0.03359375 0.45546875 0.04375 0.034375
0 0.06484375 0.5171875 0.046875 0.04375
0 0.021875 0.36796875 0.04375 0.0625
0 0.1449017875 0.2857289015625 0.0963674265625 0.3792826734375 0.1096040703125 0.410906484375 0.1574030609375 0.3068114421875 0.1449017875 0.2857289015625
0 0.138283465625 0.44384795312499997 0.1588737984375 0.3331646171875 0.14811121249999998 0.3244913546875 0.12431145156250001 0.42935370781250004 0.138283465625 0.44384795312499997
0 0.14710789375 0.4188124375 0.20373131406249997 0.3595177921875 0.19564225468750002 0.3331646171875 0.141224940625 0.3911416046875 0.14710789375 0.4188124375
0 0.2243216484375 0.642814428125 0.2316753390625 0.6217318890625 0.16255064531250002 0.543990021875 0.154461584375 0.5637549015625 0.2243216484375 0.642814428125
0 0.1703125 0.61796875 0.01484375 0.04140625