0 0.5640625 0.36796875 0.01171875 0.07109375
0 0.5671875 0.29765625 0.02265625 0.03515625
0 0.4390625 0.275 0.02890625 0.028125
0 0.45625 0.28125 0.01796875 0.0390625
0 0.4453125 0.23828125 0.0265625 0.05546875
0 0.2671875 0.34609375 0.0109375 0.0828125
0 0.29765625 0.384375 0.04765625 0.0171875
0 0.403125 0.5625 0.03671875 0.040625
0 0.41953125 0.6421875 0.0203125 0.0625
0 0.53359375 0.475 0.03828125 0.0609375
0 0.521875 0.525 0.0265625 0.040625
0 0.55078125 0.50234375 0.01953125 0.06171875
0 0.52734375 0.675 0.02421875 0.05390625
0 0.45234375 0.7421875 0.0234375 0.03359375
0 0.34921875 0.7390625 0.021875 0.0328125
0 0.384375 0.7796875 0.03125 0.02890625
0 0.3296875 0.66875 0.02421875 0.03359375
0 0.31484375 0.48515625 0.021875 0.05078125
0 0.34765625 0.55546875 0.0453125 0.02265625
0 0.2703125 0.5859375 0.0140625 0.04140625
0 0.2859375 0.559375 0.02421875 0.03671875
0 0.29453125 0.5359375 0.01796875 0.0453125
0 0.1859375 0.56015625 0.0234375 0.059375
0 0.2109375 0.503125 0.03359375 0.02890625
0 0.12578125 0.45 0.01796875 0.0515625
0 0.16171875 0.4328125 0.015625 0.04921875
0 0.228125 0.4171875 0.0296875 0.0453125
0 0.26015625 0.43515625 0.0140625 0.04453125
0 0.23828125 0.3375 0.03515625 0.04453125
0 0.25859375 0.29921875 0.040625 0.04296875
0 0.3046875 0.31015625 0.02890625 0.0421875
0 0.2546875 0.6765625 0.02421875 0.0765625
0 0.34609375 0.275 0.03984375 0.0375
0 0.42421875 0.20703125 0.01640625 0.05078125
0 0.40546875 0.253125 0.0265625 0.03671875
0 0.3515625 0.31796875 0.01640625 0.04375
0 0.33828125 0.36015625 0.034375 0.0171875
0 0.3890625 0.48203125 0.04375 0.02265625
0 0.2109375 0.29140625 0.0359375 0.04375
0 0.27734375 0.25 0.040625 0.0296875