0 0.3328125 0.240625 0.02421875 0.09140625
0 0.3921875 0.25078125 0.02265625 0.1015625
0 0.7109375 0.334375 0.03671875 0.0703125
0 0.825 0.40234375 0.03984375 0.08046875
0 0.859375 0.43046875 0.03671875 0.09609375
0 0.61171875 0.58671875 0.03984375 0.04921875
0 0.66484375 0.5453125 0.034375 0.07578125
0 0.48203125 0.55390625 0.02578125 0.04140625
0 0.6625 0.76796875 0.02578125 0.08359375
0 0.74921875 0.72109375 0.02265625 0.08359375
0 0.76015625 0.615625 0.02734375 0.06484375
0 0.86171875 0.61796875 0.0328125 0.0546875
0 0.84921875 0.57890625 0.02265625 0.0703125
0 0.70234375 0.87578125 0.0328125 0.02890625
0 0.80234375 0.8640625 0.0171875 0.03203125
0 0.81796875 0.815625 0.01953125 0.075
0 0.89921875 0.59375 0.01640625 0.03828125