0 0.95625 0.615625 0.0375 0.0328125
0 0.76640625 0.61015625 0.03125 0.040625
0 0.6984375 0.64140625 0.02421875 0.04375
0 0.82890625 0.71640625 0.03984375 0.021875
0 0.75703125 0.825 0.04453125 0.03359375
0 0.63828125 0.78125 0.03046875 0.0328125
0 0.6125 0.9484375 0.02109375 0.0421875
0 0.7125 0.978125 0.021875 0.04296875
0 0.73671875 0.9640625 0.01875 0.03359375
0 0.80625 0.98828125 0.03984375 0.0234375
0 0.803125 0.96484375 0.0328125 0.0265625
0 0.93671875 0.9375 0.0546875 0.03359375
0 0.340625 0.45078125 0.02421875 0.05546875
0 0.21640625 0.39453125 0.04921875 0.07890625
0 0.13671875 0.8140625 0.021875 0.0515625
0 0.06796875 0.94296875 0.02421875 0.04453125
0 0.1 0.91640625 0.03046875 0.04453125
0 0.39921875 0.40625 0.0203125 0.05078125
0 0.43203125 0.48984375 0.025 0.025
0 0.5203125 0.61796875 0.0171875 0.046875
0 0.54296875 0.59921875 0.025 0.05234375
0 0.57890625 0.590625 0.028125 0.03125
0 0.7881209625000001 0.7403647265625 0.7398117828124999 0.7161243875000001 0.7336182234375 0.7337537328125 0.7819274015625 0.7579939703125 0.7881209625000001 0.7403647265625
0 0.7559147687500001 0.766808690625 0.80050785625 0.72714274375 0.793075675 0.70877424375 0.7472439671875 0.7491793453125 0.7559147687500001 0.766808690625
0 0.921280803125 0.832782184375 0.9503902171874999 0.859362571875 0.9503902171874999 0.8483442140624999 0.921280803125 0.832782184375
0 0.9702094046875 0.8505478453125 0.9429580375000001 0.8152892625 0.9330484984374999 0.8263076125 0.9602997562500001 0.8637698281249999 0.9702094046875 0.8505478453125