0 0.4375 0.0171875 0.05390625 0.021875
0 0.815625 0.06015625 0.03046875 0.01953125
0 0.77265625 0.2625 0.025 0.059375
0 0.79921875 0.2765625 0.0171875 0.06875
0 0.83359375 0.25390625 0.0421875 0.06015625
0 0.671875 0.15859375 0.0328125 0.0484375
0 0.23828125 0.11640625 0.025 0.03515625
0 0.45703125 0.07421875 0.04375 0.03671875
0 0.15859375 0.3046875 0.03125 0.0609375
0 0.2625 0.45703125 0.0421875 0.04140625
0 0.4125 0.628125 0.01796875 0.06875
0 0.6421875 0.29375 0.03671875 0.01640625
0 0.78515625 0.3609375 0.0296875 0.0375
0 0.75 0.409375 0.034375 0.0203125
0 0.78515625 0.459375 0.065625 0.02421875
0 0.7921875 0.53125 0.0359375 0.059375
0 0.7140625 0.55625 0.07265625 0.0203125
0 0.6203125 0.3734375 0.0109375 0.0609375
0 0.65546875 0.3515625 0.05390625 0.0234375
0 0.675 0.38359375 0.0421875 0.06171875
0 0.5804526828125 0.494000809375 0.5929819078125 0.5088136125 0.629318725 0.430200778125 0.6132214234375 0.421283421875 0.5804526828125 0.494000809375
0 0.62578125 0.4828125 0.03125 0.02578125
0 0.54921875 0.57890625 0.03359375 0.053125
0 0.578125 0.64296875 0.04296875 0.04140625
0 0.625 0.665625 0.021875 0.0328125
0 0.3390625 0.70234375 0.0515625 0.0140625
0 0.41328125 0.7125 0.0265625 0.0375
0 0.6921875 0.6484375 0.0515625 0.03359375
0 0.6026197718749999 0.5626783421875 0.6170765703125001 0.5532520140625 0.56985103125 0.4791880078125 0.5587765484375 0.491071428125 0.6026197718749999 0.5626783421875
0 0.4647983046875 0.722925921875 0.47539995625 0.73369886875 0.5062411234375 0.6811807546875001 0.49082054062499997 0.6690611890625 0.4647983046875 0.722925921875
0 0.267222075 0.7175394484375001 0.294208096875 0.7175394484375001 0.2951718828125 0.683873990625 0.26818586093749996 0.683873990625 0.267222075 0.7175394484375001
0 0.2392722671875 0.759284615625 0.27589615312500004 0.7377387234375 0.264330715625 0.7000334109375 0.2209603234375 0.720232684375 0.2392722671875 0.759284615625
0 0.371875 0.74609375 0.0375 0.0234375
0 0.73046875 0.1609375 0.02265625 0.05234375