0 0.103789403125 0.1917948953125 0.061782457812500004 0.00021509218750000002 0.051102278125 0.0071280921875 0.0885141515625 0.20813819687500001 0.103789403125 0.1917948953125
0 0.061797203125 0 0.098061184375 0.16727994531249998 0.1052214578125 0.15820033125 0.0708521390625 0 0.061797203125 0
0 0.12265446718749999 0.1088472390625 0.10310823281249999 0.006606337499999999 0.0819052421875 0 0.1043298703125 0.120465521875 0.12265446718749999 0.1088472390625
0 0.194319709375 0 0.21794236718749999 0.15299671718750002 0.23993188437500002 0.14370209218750002 0.21794236718749999 0 0.194319709375 0
0 0.24906066718750003 0 0.2558132 0.15764403124999998 0.27902435468750003 0.1599676875 0.274137796875 0 0.24906066718750003 0
0 0.2901163875 0 0.2912407515625 0.1065235828125 0.3120086296875 0.1088472390625 0.3120086296875 0 0.2901163875 0
0 0.3339981453125 0.0995526078125 0.335219784375 0.001959025 0.3194419 0 0.3168951875 0.09490529375 0.3339981453125 0.0995526078125
0 0.2296875 0.26953125 0.0296875 0.1671875
0 0.35703125 0.39375 0.02265625 0.20703125
0 0.4609375 0.58203125 0.02421875 0.19765625
0 0.45078125 0.8109375 0.03046875 0.153125
0 0.56328125 0.97421875 0.04375 0.0453125
0 0.29375 0.796875 0.0140625 0.2078125
0 0.33125 0.82890625 0.01484375 0.171875
0 0.37890625 0.69375 0.04296875 0.04296875
0 0.2228289265625 0.5131635218749999 0.2142774484375 0.7013992453125 0.22853280625 0.700525190625 0.2362669640625 0.520134496875 0.2228289265625 0.5131635218749999
0 0.24453125 0.67890625 0.01640625 0.17578125
0 0.17265625 0.42109375 0.025 0.18828125
0 0.05 0.690625 0.02421875 0.203125
0 0.06875 0.93515625 0.015625 0.1296875
0 0.13984375 0.85390625 0.01953125 0.14609375
0 0.20703125 0.5546875 0.02421875 0.15859375
0 0.5578125 0.34453125 0.04609375 0.06796875
0 0.56015625 0.25078125 0.03671875 0.09296875
0 0.07371624843749999 0.1518446078125 0.0212075640625 0.0229141234375 0.00784171875 0.036533540625 0.06130510625 0.16818790781249998 0.07371624843749999 0.1518446078125
0 0.0665559734375 0.123697809375 0.038869578125 0.0011230546875000001 0.0274206609375 0.0071280921875 0.0579636453125 0.1282376140625 0.0665559734375 0.123697809375
0 0.02578125 0.17890625 0.01875 0.05390625
0 0.01171875 0.1 0.02109375 0.05390625
0 0.0703125 0.02734375 0.04296875 0.028125
0 0.13720401875 0.0583246078125 0.138158721875 0.1282376140625 0.196872978125 0.16727994531249998 0.21167088125000003 0.1563844109375 0.1963956265625 0.131869459375 0.152001921875 0.1100783921875 0.13720401875 0.0583246078125
0 0.57734375 0.51328125 0.0140625 0.0609375
0 0.5015625 0.33984375 0.0578125 0.059375
0 0.56640625 0.16953125 0.02578125 0.0875
0 0.19765625 0.75546875 0.02421875 0.05546875
0 0.3359375 0.9609375 0.02265625 0.07109375
0 0.29140625 0.94140625 0.03359375 0.06015625
0 0.35859375 0.01484375 0.02421875 0.0296875