0 0.4609375 0.69609375 0.034375 0.05
0 0.24296875 0.61640625 0.02578125 0.0453125
0 0.18359375 0.56875 0.028125 0.06953125
0 0.253125 0.7 0.06796875 0.028125
0 0.5296875 0.5671875 0.03984375 0.05
0 0.5765625 0.2203125 0.05 0.03203125
0 0.38125 0.13125 0.0671875 0.02109375
0 0.43123996093750006 0.3399072125 0.4105083171875 0.1975872578125 0.3922644671875 0.2029781671875 0.41216684687500005 0.3463763046875 0.43123996093750006 0.3399072125
0 0.47505342031250003 0.20026295 0.38797583593749996 0.15044829531249998 0.3827511828125 0.175355625 0.464604109375 0.2251702796875 0.47505342031250003 0.20026295
0 0.43046875 0.11484375 0.01640625 0.07109375
0 0.24765625 0.46484375 0.05 0.028125
0 0.2953125 0.4546875 0.0421875 0.084375
0 0.339965596875 0.5620811796875 0.361364634375 0.4676842375 0.34660825625 0.4577642625 0.3246805671875 0.5521446578125 0.339965596875 0.5620811796875
0 0.3109240421875 0.5263097046875 0.37817816406250004 0.4974937953125 0.3758854109375 0.48159536249999996 0.3062473078125 0.5070535453125 0.3109240421875 0.5263097046875
0 0.3269733203125 0.5332652703125 0.26736171406250003 0.4945128421875 0.263440240625 0.5078485328125 0.32009505781250003 0.5551256171875 0.3269733203125 0.5332652703125