0 0.671875 0.00546875 0.0875 0.0109375
0 0.75859375 0.0359375 0.0640625 0.03828125
0 0.56640625 0.09609375 0.08515625 0.015625
0 0.621875 0.12890625 0.07421875 0.0328125
0 0.74375 0.28359375 0.11015625 0.01796875
0 0.7296875 0.2375 0.0828125 0.01796875
0 0.7328125 0.20546875 0.07265625 0.03515625
0 0.32578125 0.2296875 0.11328125 0.02109375
0 0.0296875 0.32109375 0.059375 0.0390625
0 0.10625 0.28515625 0.0375 0.0453125
0 0.1921875 0.25703125 0.10078125 0.01796875
0 0.2078125 0.32265625 0.153125 0.0265625
0 0.6203125 0.40703125 0.12734375 0.0515625
0 0.51640625 0.4671875 0.15078125 0.0203125
0 0.25625 0.496875 0.10234375 0.03046875
0 0.484375 0.5890625 0.1703125 0.028125
0 0.0640625 0.60625 0.096875 0.03828125
0 0.40234375 0.78671875 0.11015625 0.021875
0 0.471875 0.815625 0.08984375 0.03046875