0 0.34006733906250003 0.5151515156250001 0.1952861953125 0.5303030296875 0.15824915781249999 0.6616161609375 0.279461278125 0.6969696984375 0.34006733906250003 0.5151515156250001
0 0.13299663281250002 0.86868686875 0.14983165 0.8863636359375 0.252525253125 0.8535353546875 0.3518518515625 0.7702020203125 0.3164983171875 0.709595959375 0.279461278125 0.7121212109374999 0.13299663281250002 0.86868686875
0 0.1363636359375 0.674242425 0.1127946125 0.7272727265625 0.171717171875 0.8156565656250001 0.24747474687499998 0.7348484843749999 0.1363636359375 0.674242425
0 0.0336700328125 0.93181818125 0.223905725 0.9545454546875 0.24747474687499998 0.89393939375 0.0050505046875000004 0.858585859375 0.0336700328125 0.93181818125
0 0.597643096875 0.9722222234375 0.602693603125 0.9040404046875 0.390572390625 0.7474747484375001 0.346801346875 0.8282828265625 0.597643096875 0.9722222234375
0 0.5622895625 1 0.5 0.90656565625 0.4276094265625 0.9040404046875 0.4629629640625 1 0.5622895625 1
0 0.6582491578125 0.7954545453125 0.6599326609375 0.6944444453124999 0.42929292812500003 0.5984848484375 0.42929292812500003 0.6868686859375 0.6582491578125 0.7954545453125
0 0.6599326609375 0.8383838390625 0.81818181875 0.79292929375 0.81818181875 0.7449494953125 0.59427609375 0.7803030296875 0.574074075 0.833333334375 0.6599326609375 0.8383838390625
0 0.7340067328125001 0.8257575750000001 0.7929292921875 0.8787878796875 0.8636363640625 0.8636363640625 0.7508417515625 0.7777777765625 0.7340067328125001 0.8257575750000001
0 0.9090909093749999 0.7222222234375 0.8451178453124999 0.7146464640625 0.8771043765625001 0.84343434375 0.974747475 0.8636363640625 1 0.86868686875 0.9983164984374999 0.7979797984375 0.9090909093749999 0.7222222234375
0 0.9326599328125 0.9621212109374999 0.99326599375 0.93181818125 1 0.858585859375 0.9090909093749999 0.8964646453125 0.9326599328125 0.9621212109374999
0 0.5892255890625 0.5883838390625 0.8198653203124999 0.724747475 0.8737373749999999 0.6818181812499999 0.63131313125 0.565656565625 0.5892255890625 0.5883838390625
0 1 0.63131313125 0.664983165625 0.6540404046875 0.6734006734375 0.6792929296875 1 0.691919190625 1 0.63131313125