0 0.60234375 0.45546875 0.07109375 0.04921875
0 0.62265625 0.38046875 0.11015625 0.04296875
0 0.68828125 0.68515625 0.034375 0.0734375
0 0.565625 0.56875 0.11015625 0.0625
0 0.7046875 0.85859375 0.04765625 0.05859375
0 0.72890625 0.8046875 0.03828125 0.0328125
0 0.75 0.84921875 0.025 0.05859375
0 0.53828125 0.92109375 0.06953125 0.05390625
0 0.57890625 0.88515625 0.04140625 0.03828125
0 0.6203125 0.96484375 0.096875 0.03984375
0 0.61796875 0.91796875 0.0734375 0.0375
0 0.49375 0.96796875 0.059375 0.05625
0 0.45078125 0.6796875 0.04140625 0.11328125
0 0.375 0.65625 0.11015625 0.0859375
0 0.290625 0.63203125 0.046875 0.0515625
0 0.28515625 0.4953125 0.065625 0.1359375
0 0.19921875 0.54453125 0.0875 0.11171875
0 0.17890625 0.63046875 0.08359375 0.04609375
0 0.16640625 0.70703125 0.071875 0.03125
0 0.19765625 0.73359375 0.05 0.05546875
0 0.1173542828125 0.8699556656249999 0.259593815625 0.8357181921875 0.25608172812499996 0.802797546875 0.115036565625 0.8468315421874999 0.1173542828125 0.8699556656249999
0 0.1155982390625 0.887074403125 0.2042784421875 0.8712724906249999 0.20515646250000003 0.8528369296875 0.11714360312500001 0.8700089562500001 0.1155982390625 0.887074403125
0 0.118232303125 0.8475696265625 0.20076635468749998 0.822549934375 0.1981322890625 0.8054311984375 0.11363187500000001 0.82576116875 0.118232303125 0.8475696265625
0 0.17969383125 1 0.25695975 0.9173613953125 0.2393993140625 0.89497535625 0.1599866984375 0.99853824375 0.17969383125 1
0 0.42553993749999997 0.8778566218750001 0.37461467187499997 0.7672432484375 0.35178610625 0.785678809375 0.41149158906250005 0.8923417062500001 0.42553993749999997 0.8778566218750001
0 0.29910479843750004 0.804114371875 0.378126759375 0.8923417062500001 0.397443240625 0.8725893156250001 0.3145027828125 0.7772993046875001 0.29910479843750004 0.804114371875
0 0.20859375 0.99296875 0.12734375 0.0140625
0 0.28359375 0.86953125 0.0390625 0.04609375