0 0.43828125 0.57265625 0.03984375 0.065625
0 0.42578125 0.67109375 0.01796875 0.04921875
0 0.42421875 0.70390625 0.04375 0.01640625
0 0.4 0.72265625 0.0171875 0.0265625
0 0.278125 0.61953125 0.01875 0.0515625
0 0.2625 0.65 0.02734375 0.01875
0 0.22890625 0.6859375 0.0109375 0.03046875
0 0.2641113890625 0.6824378421875 0.23616863437500002 0.6172754921875 0.229858978125 0.623321484375 0.25419621718749996 0.6931862703125 0.2641113890625 0.6824378421875
0 0.23984375 0.6796875 0.01171875 0.03046875
0 0.2934062125 0.6810942875 0.3389258625 0.607198840625 0.326306553125 0.588389090625 0.27988552499999997 0.665643421875 0.2934062125 0.6810942875
0 0.31328125 0.70625 0.0203125 0.0359375
0 0.22109375 0.746875 0.01171875 0.04296875
0 0.2328125 0.7796875 0.028125 0.01953125
0 0.21015625 0.65078125 0.03125 0.03203125