0 0.1468626921875 0.8146662234375001 0.08233211562500001 0.8159080921875 0.0467290375 0.8382617375000001 0.0756565390625 0.8668247296875 0.1468626921875 0.8146662234375001
0 0.13796192499999999 0.784861359375 0.182465771875 0.79107070625 0.173565 0.720284159375 0.1179351953125 0.7413959375 0.13796192499999999 0.784861359375
0 0.1891413484375 0.72897724375 0.1757901953125 0.8072150078125 0.267023078125 0.7513308921874999 0.1891413484375 0.72897724375
0 0.251446734375 0.7140748140625 0.25812231093750004 0.669367521875 0.1802405765625 0.6519813531249999 0.19804211562500001 0.7153166843750001 0.251446734375 0.7140748140625
0 0.2937253859375 0.6681256515625 0.34045442656249997 0.6544650890625 0.2915001953125 0.614725275 0.22919480937499997 0.6122415359375 0.2937253859375 0.6681256515625
0 0.3293284640625 0.7302191140625001 0.32487807812499997 0.68302808125 0.2714734640625 0.6730931296875 0.26034750156249997 0.733944721875 0.3293284640625 0.7302191140625001
0 0.320427696875 0.6619163046875001 0.34045442656249997 0.7376703296875 0.3871834640625 0.721526028125 0.320427696875 0.6619163046875001
0 0.67200808125 0.8755178156250001 0.647530965625 0.843229215625 0.60302711875 0.85316416875 0.62527904375 0.9015970687499999 0.67200808125 0.8755178156250001
0 0.5941263515624999 0.8345361296875 0.6275042359375 0.8320523921874999 0.6319546218750001 0.8059731375 0.5985767375 0.7947963140625001 0.542946928125 0.8096987453125 0.5941263515624999 0.8345361296875
0 0.3387755875 0.7764085203125 0.3826909421875 0.7825357562499999 0.4140590515625 0.7405204140625 0.44072194531250003 0.712510184375 0.36543848125 0.742271053125 0.3387755875 0.7764085203125
0 0.471868040625 0.8206636968750001 0.4169996625 0.7992284515625 0.369447071875 0.826788053125 0.41882860781250003 0.8339331359375001 0.471868040625 0.8206636968750001
0 0.424315446875 0.8563891078125 0.4901574984375 0.8614927375000001 0.5157627406249999 0.8359745890625 0.49198644375 0.825767328125 0.4773548765625 0.82270515 0.424315446875 0.8563891078125
0 0.1408288328125 0.4776997640625 0.062184160937499997 0.5226117078125 0.107907809375 0.535881146875 0.1408288328125 0.4776997640625