0 0.23046875 0.07890625 0.0515625 0.15703125
0 0.40234375 0.10625 0.125 0.15234375
0 0.2375 0.37734375 0.03671875 0.1453125
0 0.30703125 0.61484375 0.04296875 0.0578125
0 0.371875 0.65625 0.078125 0.07421875
0 0.32734375 0.70859375 0.03984375 0.103125
0 0.653125 0.69453125 0.10234375 0.0765625
0 0.6359375 0.60078125 0.13984375 0.03984375
0 0.53515625 0.58359375 0.03671875 0.1515625
0 0.4734375 0.55390625 0.05078125 0.06875
0 0.47578125 0.653125 0.04140625 0.13125
0 0.50703125 0.72109375 0.084375 0.06640625
0 0.4703125 0.9171875 0.01875 0.165625
0 0.778125 0.7734375 0.04609375 0.0671875
0 0.82109375 0.70390625 0.0234375 0.13984375
0 0.859375 0.63515625 0.03515625 0.1515625
0 0.82421875 0.5640625 0.08203125 0.0828125
0 0.80390625 0.484375 0.03515625 0.0609375
0 0.8900134749999999 0.5025612500000001 0.8267959046875 0.3721954890625 0.8101134890624999 0.39458152812499997 0.8785991921875 0.53153141875 0.8900134749999999 0.5025612500000001
0 0.77499261875 0.43013582812499995 0.8671849078125 0.2549979875 0.85050249375 0.23129512187499998 0.7627003125 0.41170026562500006 0.77499261875 0.43013582812499995
0 0.8382101890625 0.241829728125 0.72318933125 0.1957408234375 0.7144091140625 0.239196078125 0.8285519484374999 0.2826513296875 0.8382101890625 0.241829728125
0 0.6582157171875 0.119364921875 0.768846465625 0.01796933125 0.7492548546875 0 0.6388992375 0.0785433203125 0.6582157171875 0.119364921875
0 0.7152871359375 0.10619666406249999 0.7855288796875 0.057474107812499994 0.7766463421875 0.029300990625000002 0.71265306875 0.0838106234375 0.7152871359375 0.10619666406249999
0 0.55546875 0.2625 0.05859375 0.221875
0 0.59296875 0.2140625 0.04296875 0.234375
0 0.6640625 0.20078125 0.05546875 0.08203125
0 0.69921875 0.0140625 0.03828125 0.028125
0 0.6977266984375 0.57893715 0.7934310765625 0.47622473281250005 0.7878838765625 0.43490571093749997 0.68543439375 0.5552342828125 0.6977266984375 0.57893715