0 0.35234375 0.578125 0.01875 0.01875
0 0.35703125 0.55625 0.03203125 0.02109375
0 0.36953125 0.64140625 0.04296875 0.02265625
0 0.39453125 0.68828125 0.025 0.01796875
0 0.3875 0.7671875 0.02421875 0.04921875
0 0.4484375 0.7890625 0.02578125 0.01484375
0 0.42109375 0.83828125 0.0125 0.03828125
0 0.39140625 0.8234375 0.02734375 0.03515625
0 0.41875 0.80078125 0.02109375 0.0359375
0 0.45859375 0.84609375 0.04609375 0.01328125
0 0.49375 0.8296875 0.0203125 0.02578125
0 0.5203125 0.80546875 0.02421875 0.03828125
0 0.5427628765625 0.759519696875 0.49906318125000004 0.7111354765625 0.4920965625 0.7268884796874999 0.533896271875 0.7775231265625 0.5427628765625 0.759519696875
0 0.73359375 0.559375 0.0359375 0.0234375
0 0.7734375 0.59375 0.01640625 0.0234375
0 0.74609375 0.6546875 0.04921875 0.03515625
0 0.6 0.696875 0.01875 0.01953125
0 0.6897827859375 0.5528634968749999 0.634214890625 0.5278530031249999 0.6312512703125 0.5410164203125001 0.686819165625 0.568659596875 0.6897827859375 0.5528634968749999
0 0.65859375 0.53515625 0.02109375 0.01484375
0 0.6640625 0.73125 0.03046875 0.02265625
0 0.753125 0.70078125 0.034375 0.01953125
0 0.68359375 0.8375 0.028125 0.015625
0 0.7109375 0.828125 0.02265625 0.02109375
0 0.7 0.79609375 0.0140625 0.034375
0 0.73671875 0.790625 0.01328125 0.03515625
0 0.75859375 0.79140625 0.028125 0.01484375
0 0.75546875 0.77421875 0.021875 0.0265625
0 0.7796875 0.7265625 0.02421875 0.02109375
0 0.78671875 0.70703125 0.02421875 0.0234375
0 0.675 0.81484375 0.03359375 0.03125