0 0.584375 0.71484375 0.1046875 0.03046875
0 0.5046597984375001 0.8206818453125001 0.5725803109375 0.7708671921875 0.56561410625 0.7527527703125 0.4872442828125 0.8048317296875 0.5046597984375001 0.8206818453125001
0 0.51015625 0.7140625 0.04140625 0.0953125
0 0.74453125 0.77421875 0.05234375 0.065625
0 0.66015625 0.8421875 0.04375 0.04765625
0 0.6734375 0.91796875 0.1125 0.0359375
0 0.315625 0.98515625 0.0609375 0.02890625
0 0.17265625 0.9109375 0.0640625 0.059375
0 0.2546875 0.60234375 0.03046875 0.1375
0 0.2643256703125 0.4765078625 0.140675503125 0.5602870546875 0.1511248140625 0.5851943828125 0.27999963437500003 0.49915088750000003 0.2643256703125 0.4765078625
0 0.502918246875 0.8206818453125001 0.4297730765625 0.7459598625 0.412192115625 0.7605298921875 0.4889858328125 0.8387962671875 0.502918246875 0.8206818453125001
0 0.5185922109375001 0.7753957953125 0.396683596875 0.7708671921875 0.396683596875 0.7957745203125001 0.5220753140625 0.7957745203125001 0.5185922109375001 0.7753957953125
0 0.17734375 0.46953125 0.03515625 0.06796875