0 0.35703125 0.14609375 0.0625 0.06953125
0 0.61640625 0.20078125 0.02890625 0.05390625
0 0.6390625 0.234375 0.05078125 0.028125
0 0.72109375 0.23203125 0.040625 0.0515625
0 0.3859375 0.2921875 0.071875 0.01484375
0 0.37421875 0.2625 0.0328125 0.0515625
0 0.41796875 0.32265625 0.03359375 0.028125
0 0.5625 0.30546875 0.021875 0.0359375
0 0.6576558375 0.28727403281249997 0.6787591671875 0.2352512546875 0.6641491703125 0.22678243125000003 0.6406108421875001 0.2775953765625 0.6576558375 0.28727403281249997
0 0.671875 0.27265625 0.01484375 0.03671875
0 0.68984375 0.2734375 0.01796875 0.0453125
0 0.6859375 0.23359375 0.01015625 0.04609375
0 0.6890625 0.38046875 0.0421875 0.02421875
0 0.7078125 0.34140625 0.0203125 0.04453125