0 0.38046875 0.8140625 0.0203125 0.03046875
0 0.32890625 0.796875 0.028125 0.034375
0 0.35 0.81484375 0.03125 0.0453125
0 0.53984375 0.68515625 0.02421875 0.06953125
0 0.446875 0.7203125 0.0328125 0.0296875
0 0.425 0.60546875 0.01640625 0.06875
0 0.453125 0.6265625 0.0203125 0.05
0 0.25625 0.71015625 0.02421875 0.08671875
0 0.48956676093749996 0.6700401171875 0.47727618125 0.5928354109375 0.46403726250000005 0.5986311765625 0.4737645875 0.6713486718749999 0.48956676093749996 0.6700401171875
0 0.49307835468750005 0.6085380640625 0.47025299374999996 0.554887334375 0.46122827343750006 0.5661772390625 0.48078777656250005 0.6203150515625 0.49307835468750005 0.6085380640625
0 0.5123921218749999 0.6360177046875 0.49307835468750005 0.6085380640625 0.4815934421875 0.6300382109375 0.49922364375 0.6595716828125 0.5123921218749999 0.6360177046875
0 0.370172565625 0.656954575 0.447427634375 0.6726572265625 0.4491834296875 0.650411803125 0.36841676875 0.6294749328125 0.370172565625 0.656954575