0 0.49026955625 0.20035497812499997 0.5461058109375 0.1901327875 0.56244813125 0.14106626093750002 0.5025262953125 0.1655995234375 0.49026955625 0.20035497812499997
0 0.55563883125 0.049066525 0.5352109328125 0.10631080625 0.53657279375 0.10631080625 0.573343009375 0.1083552453125 0.55563883125 0.049066525
0 0.41536726249999995 0.075644228125 0.41536726249999995 0.014311070312499998 0.381320765625 0.03679989375 0.371787746875 0.094044175 0.378597046875 0.0797331046875 0.41536726249999995 0.075644228125
0 0.23015431875 0.1492440140625 0.2601152375 0.1778661546875 0.28735243593750004 0.1574217703125 0.251944078125 0.1185774359375 0.23015431875 0.1492440140625
0 0.31050405312499996 0.10017748906249999 0.265562678125 0.049066525 0.26283895625000003 0.09813305156249999 0.296885453125 0.1451551375 0.31050405312499996 0.10017748906249999
0 0.19202224375000002 0.0081777546875 0.20155526250000003 0.0633775953125 0.2315161796875 0.0224888234375 0.19202224375000002 0.0081777546875
0 0.232878040625 0.06542203437500001 0.268286396875 0.0081777546875 0.2410491984375 0.018399946875 0.21108828124999998 0.06542203437500001 0.232878040625 0.06542203437500001
0 0.2805431359375 0.024533264062499997 0.3050566125 0.059288718750000004 0.306418471875 0.01022219375 0.2805431359375 0.024533264062499997
0 0.3608928671875 0.044977648437500004 0.35953100781249997 0.0163555078125 0.3309319515625 0.0265777015625 0.336379390625 0.0511109640625 0.3608928671875 0.044977648437500004
0 0.8252870874999999 0.392532203125 0.8320963875 0.345510115625 0.8048591890625 0.343465678125 0.7776219921874999 0.3945766421875 0.8252870874999999 0.392532203125
0 0.716338296875 0.3863988890625 0.6999959796875 0.3127991 0.6700350609375 0.3291546078125 0.69182481875 0.4047988359375 0.716338296875 0.3863988890625
0 0.3541019265625 0.3183026484375 0.327194484375 0.26175141874999996 0.3282707828125 0.2730616640625 0.33365226875 0.33769164375 0.3541019265625 0.3183026484375