0 0.4921875 0.17421875 0.07578125 0.0828125
0 0.4125 0.25078125 0.07734375 0.1
0 0.32421875 0.1296875 0.0734375 0.06484375
0 0.40703125 0.01796875 0.07578125 0.0359375
0 0.290625 0.03046875 0.109375 0.03515625
0 0.8515625 0.303125 0.109375 0.0453125
0 0.7421875 0.42421875 0.07109375 0.07578125
0 0.56484375 0.45078125 0.0453125 0.0375
0 0.7515625 0.6203125 0.07109375 0.03515625
0 0.96328125 0.44609375 0.07265625 0.06640625
0 0.971875 0.5046875 0.05546875 0.025
0 0.9625 0.578125 0.075 0.03125
0 0.93671875 0.6296875 0.084375 0.025
0 0.84765625 0.74296875 0.0734375 0.06328125
0 0.85 0.88984375 0.0390625 0.0359375
0 0.8984375 0.890625 0.05546875 0.06484375
0 0.921875 0.80390625 0.109375 0.0421875
0 0.9578125 0.66953125 0.06875 0.053125
0 0.96328125 0.715625 0.07265625 0.0328125