0 0.4359375 0.378125 0.0265625 0.14453125
0 0.52421875 0.240625 0.03828125 0.10390625
0 0.384375 0.08203125 0.03671875 0.0875
0 0.18203125 0.0421875 0.04296875 0.084375
0 0.0484375 0.07734375 0.02421875 0.11015625
0 0.22265625 0.4375 0.0359375 0.10546875
0 0.0546875 0.8390625 0.06015625 0.06328125
0 0.5703125 0.453125 0.0296875 0.10078125
0 0.71796875 0.015625 0.0265625 0.03125
0 0.665625 0.54609375 0.02890625 0.0625
0 0.6515625 0.7171875 0.03984375 0.1265625
0 0.60234375 0.67265625 0.03984375 0.05234375
0 0.575 0.5984375 0.01953125 0.05
0 0.50703125 0.534375 0.0203125 0.07265625
0 0.38984375 0.853125 0.0265625 0.0671875
0 0.41328125 0.93203125 0.06015625 0.0375
0 0.4453125 0.98125 0.0375 0.0375
0 0.31171875 0.9734375 0.0234375 0.053125
0 0.55390625 0.7109375 0.01953125 0.0546875