0 0.96875 0.215625 0.028125 0.0234375
0 0.71796875 0.16171875 0.02734375 0.0890625
0 0.7703125 0.16484375 0.009375 0.0875
0 0.84609375 0.16875 0.0171875 0.09453125
0 0.8046875 0.15 0.015625 0.046875
0 0.82734375 0.13203125 0.01328125 0.03671875
0 0.6125 0.22421875 0.0453125 0.05703125
0 0.70234375 0.27421875 0.028125 0.06015625
0 0.79765625 0.5875 0.03515625 0.05078125
0 0.57109375 0.4828125 0.04375 0.04609375
0 0.85546875 0.7828125 0.02890625 0.05234375
0 0.6046875 0.84765625 0.0375 0.05
0 0.6375 0.80625 0.01796875 0.08046875
0 0.5359375 0.8578125 0.02890625 0.01484375
0 0.54765625 0.8125 0.03203125 0.05859375
0 0.546875 0.765625 0.0171875 0.05078125
0 0.31796875 0.84140625 0.05234375 0.0609375
0 0.340625 0.80078125 0.03046875 0.03984375
0 0.38203125 0.784375 0.02578125 0.02109375
0 0.2625 0.7734375 0.0140625 0.04296875
0 0.34453125 0.7453125 0.01875 0.0296875
0 0.3125 0.6828125 0.01640625 0.0703125
0 0.38046875 0.68359375 0.02578125 0.040625
0 0.396875 0.56953125 0.03046875 0.0734375
0 0.35546875 0.4078125 0.01640625 0.0640625
0 0.0921875 0.55390625 0.03046875 0.02421875
0 0.13359375 0.503125 0.021875 0.05625
0 0.29453125 0.5515625 0.0453125 0.0421875
0 0.36484375 0.3171875 0.02578125 0.0640625
0 0.43828125 0.278125 0.03046875 0.06953125
0 0.50546875 0.27578125 0.02578125 0.0703125
0 0.57578125 0.1640625 0.0484375 0.0828125
0 0.48515625 0.15546875 0.03671875 0.07734375
0 0.40859375 0.17265625 0.028125 0.1265625
0 0.44609375 0.16953125 0.0203125 0.09140625
0 0.32734375 0.16484375 0.01953125 0.11796875
0 0.278125 0.134375 0.05546875 0.06171875
0 0.19765625 0.1765625 0.0265625 0.0484375
0 0.13359375 0.15390625 0.0359375 0.0609375
0 0.17421875 0.1375 0.03203125 0.05859375
0 0.95390625 0.14375 0.04453125 0.06484375
0 0.68125 0.86015625 0.03125 0.03828125