0 0.27265625 0.20859375 0.03359375 0.04765625
0 0.44453125 0.1296875 0.02734375 0.0328125
0 0.84453125 0.3609375 0.0375 0.04921875
0 0.66953125 0.29453125 0.0203125 0.071875
0 0.70234375 0.74296875 0.025 0.08515625
0 0.7078125 0.859375 0.01484375 0.04765625
0 0.67578125 0.8640625 0.02734375 0.04140625
0 0.52265625 0.66171875 0.02109375 0.08828125
0 0.42265625 0.49765625 0.03828125 0.04609375
0 0.35703125 0.4046875 0.0234375 0.0234375
0 0.40234375 0.2953125 0.0171875 0.0515625
0 0.4671875 0.30390625 0.04140625 0.01640625
0 0.31875 0.3015625 0.02265625 0.05546875
0 0.29140625 0.396875 0.01796875 0.05625
0 0.303125 0.46328125 0.0390625 0.04453125
0 0.32734375 0.6453125 0.01875 0.0671875
0 0.353125 0.58984375 0.03125 0.02109375
0 0.3203125 0.57421875 0.021875 0.05546875
0 0.25859375 0.56953125 0.05859375 0.0296875
0 0.2640625 0.6515625 0.03203125 0.03203125
0 0.2796875 0.72890625 0.021875 0.0828125
0 0.3109375 0.7390625 0.0171875 0.04921875
0 0.40859375 0.7578125 0.01953125 0.0546875
0 0.2171875 0.71953125 0.0125 0.0703125
0 0.2328125 0.69921875 0.0484375 0.02890625
0 0.43046875 0.853125 0.02890625 0.0421875
0 0.471875 0.95625 0.015625 0.08671875
0 0.47890625 0.9796875 0.01015625 0.03671875
0 0.28828125 0.8671875 0.021875 0.0484375
0 0.41875 0.94765625 0.0125 0.02578125
0 0.41821006406250005 0.9258896640625001 0.42066232187499997 0.9058697812500001 0.364239271875 0.839193909375 0.36040683125 0.8641140281249999 0.41821006406250005 0.9258896640625001
0 0.36426038125 0.8961458390624999 0.364610703125 0.937329596875 0.3828274796875 0.9510575156250001 0.3779229625 0.9035817937499999 0.3992679625 0.8721427328125 0.36426038125 0.8961458390624999
0 0.39453125 0.9390625 0.02734375 0.03671875
0 0.35859375 0.8921875 0.015625 0.02890625
0 0.26640625 0.82421875 0.01171875 0.04375