0 0.740625 0.584375 0.0578125 0.02421875
0 0.46171875 0.490625 0.059375 0.0265625
0 0.55703125 0.57890625 0.0640625 0.03203125
0 0.55 0.53984375 0.065625 0.03828125
0 0.4859375 0.6234375 0.0625 0.025
0 0.4015625 0.60390625 0.0625 0.03359375
0 0.309375 0.57265625 0.0796875 0.02109375
0 0.3328125 0.60859375 0.0375 0.0375
0 0.28125 0.86640625 0.0703125 0.0234375
0 0.19140625 0.89453125 0.06171875 0.02265625
0 0.034375 0.6390625 0.06796875 0.01484375
0 0.04921875 0.61484375 0.0390625 0.03359375
0 0.11328125 0.690625 0.02578125 0.04609375
0 0.0359375 0.80390625 0.01796875 0.0328125
0 0.5546875 0.7421875 0.021875 0.04765625