0 0.13828125 0.621875 0.02421875 0.071875
0 0.26640625 0.76640625 0.05859375 0.04375
0 0.20546875 0.70078125 0.03515625 0.03125
0 0.3234375 0.77265625 0.04296875 0.0453125
0 0.384927646875 0.8132999390625001 0.323771475 0.8472938828125001 0.32642252968749996 0.86486663125 0.39445847968750003 0.8472938828125001 0.384927646875 0.8132999390625001
0 0.3396561953125 0.851216259375 0.3531582078125 0.7727687015625 0.342038903125 0.7701537828125 0.3309196 0.848601340625 0.3396561953125 0.851216259375
0 0.346875 0.80703125 0.040625 0.03515625
0 0.45234375 0.89609375 0.0328125 0.06953125
0 0.4810302015625 0.9911144078125 0.4365529859375 0.951890628125 0.428074371875 0.9642390171875 0.470705134375 1 0.4810302015625 0.9911144078125
0 0.4515625 0.95390625 0.025 0.07421875
0 0.415625 0.93671875 0.034375 0.01953125
0 0.403195075 0.8917474984375 0.345215846875 0.8525237203125 0.342038903125 0.8655983109375001 0.3976354234375 0.9126668468749999 0.403195075 0.8917474984375
0 0.4024008390625 0.8551386375 0.355540915625 0.8407565859374999 0.34802354687500003 0.8491762546875 0.3976354234375 0.8865176609375001 0.4024008390625 0.8551386375
0 0.3309196 0.8669057718750001 0.3626890390625 0.9139743078125001 0.3761910515625 0.8943624187499999 0.3372230375 0.8512683046875 0.3309196 0.8669057718750001
0 0.4103431984375 0.8930549578125 0.3809564671875 0.9257414421875 0.388048959375 0.9328582640624999 0.42384521093750005 0.9126668468749999 0.4103431984375 0.8930549578125
0 0.44052416718750004 0.9178966859375001 0.424639446875 0.8603684749999999 0.40520270781249995 0.8795109828125 0.43258180625 0.9322787390625 0.44052416718750004 0.9178966859375001