0 0.20546875 0.11640625 0.0203125 0.2328125
0 0.44296875 0.071875 0.015625 0.14375
0 0.69765625 0.09375 0.0328125 0.1875
0 0.7765625 0.19921875 0.04453125 0.1453125
0 0.70703125 0.43046875 0.02109375 0.12890625
0 0.75234375 0.4140625 0.03828125 0.259375
0 0.80546875 0.36484375 0.06015625 0.06015625
0 0.58359375 0.40390625 0.03359375 0.17265625
0 0.1890625 0.4625 0.02265625 0.15234375
0 0.22734375 0.51796875 0.03671875 0.1546875
0 0.5453125 0.68828125 0.0375 0.17578125
0 0.4828125 0.9296875 0.01640625 0.140625
0 0.7578125 0.728125 0.028125 0.09140625
0 0.7125 0.921875 0.0203125 0.06640625
0 0.73515625 0.8703125 0.0171875 0.1421875
0 0.59609375 0.88515625 0.09609375 0.06015625
0 0.6230413734375 0.8761426312499999 0.5891943171875 0.7784945890625 0.5799886062499999 0.793922059375 0.613928703125 0.88311749375 0.6230413734375 0.8761426312499999
0 0.5765625 0.97109375 0.06875 0.05703125
0 0.6464739500000001 0.75757000625 0.6217395640625 0.704096071875 0.58936360625 0.77346075 0.6152305140625 0.8296435656250001 0.6464739500000001 0.75757000625