0 0.184375 0.39453125 0.26796875 0.16015625
0 0.171875 0.6328125 0.2578125 0.171875
0 0.2140625 0.175 0.12578125 0.11953125
0 0.6582157171875 0.2589484640625 0.7776266828125 0.107513490625 0.752766584375 0.067227665625 0.636265171875 0.21417638437500003 0.6582157171875 0.2589484640625
0 0.678125 0.06328125 0.0796875 0.05703125
0 0.4859375 0.09140625 0.13125 0.1140625
0 0.8921875 0.4953125 0.21328125 0.07734375
0 0.96953125 0.69296875 0.05 0.2109375
0 0.953125 0.89375 0.09375 0.2125
0 0.68125 0.53984375 0.1046875 0.11484375
0 0.7389937234375 0.337958015625 0.8452343625 0.18520621718750002 0.82300116875 0.151509165625 0.7187992234375 0.30898784687499997 0.7389937234375 0.337958015625
0 0.6195827578124999 0.413017090625 0.8066014031250001 0.15096874375 0.7766463421875 0.1083148953125 0.589730015625 0.3642945328125 0.6195827578124999 0.413017090625
0 0.63714319375 0.79753024375 0.5335366203125 0.42091804687499995 0.4697212125 0.4612436796875 0.594120125 0.8251835859375 0.63714319375 0.79753024375
0 0.6055344078125 0.8831239249999999 0.4545146578125 0.5591847609375 0.41763774218750005 0.59078858125 0.5765596890625 0.9055099640625001 0.6055344078125 0.8831239249999999