0 0.93984375 0.359375 0.075 0.04296875
0 0.8359375 0.5765625 0.02421875 0.07265625
0 0.87482966875 0.729346375 0.8587266859374999 0.63679249375 0.8460299671874999 0.6343694828124999 0.8512945046875 0.729346375 0.87482966875 0.729346375
0 0.87421875 0.6625 0.01328125 0.09921875
0 0.91484375 0.88515625 0.03125 0.09453125
0 0.759375 0.7171875 0.0359375 0.04296875
0 0.77421875 0.65390625 0.0328125 0.0625
0 0.64375 0.7796875 0.028125 0.10234375
0 0.70078125 0.34609375 0.0359375 0.09765625
0 0.55234375 0.38203125 0.02421875 0.08984375
0 0.348383528125 0.2401330125 0.3384739359375 0.15198644687500001 0.311222621875 0.1541901015625 0.33228043125 0.2489476375 0.348383528125 0.2401330125
0 0.36324789375 0.158597440625 0.311222621875 0.0748582078125 0.29697756875 0.092041440625 0.35209961875 0.1762267328125 0.36324789375 0.158597440625
0 0.36171875 0.05625 0.02578125 0.08671875
0 0.1546875 0.0375 0.02421875 0.053125
0 0.0421875 0.05703125 0.02109375 0.0921875
0 0.5140625 0.0296875 0.05234375 0.059375
0 0.6875 0.03046875 0.040625 0.0609375
0 0.6359375 0.15546875 0.0609375 0.0375
0 0.88125 0.153125 0.0625 0.02890625
0 0.8828125 0.128125 0.05078125 0.04296875
0 0.89375 0.9828125 0.028125 0.034375