0 0.70078125 0.4859375 0.05625 0.03828125
0 0.43671875 0.5765625 0.084375 0.03828125
0 0.4046875 0.85859375 0.05234375 0.02109375
0 0.2379836953125 0.556301959375 0.341557640625 0.6140199953125001 0.3506077921875 0.58583211875 0.245022703125 0.5307986390625 0.2379836953125 0.556301959375
0 0.1716159265625 0.6797917171875001 0.099214721875 0.6301273562499999 0.0850941625 0.649497959375 0.16156020468750001 0.702610475 0.1716159265625 0.6797917171875001
0 0.1140625 0.8578125 0.0328125 0.06484375
0 0.175 0.90078125 0.04140625 0.02578125
0 0.2109375 0.746875 0.0328125 0.078125
0 0.8885889578124999 0.17509444375 0.8242323328125 0.1173764078125 0.8066192593749999 0.13081239218750002 0.8745109453125 0.20328232499999999 0.8885889578124999 0.17509444375
0 0.769931428125 0.21804740156250002 0.7176416718749999 0.1495911234375 0.7020504046875 0.1598072375 0.7538422734375 0.2301279234375 0.769931428125 0.21804740156250002
0 0.1293818921875 0.408651159375 0.0408915328125 0.3656982015625 0.0344184859375 0.3831749375 0.12133731249999999 0.4341544796875 0.1293818921875 0.408651159375
0 0.476304325 0.7791204328125 0.399880834375 0.7093218765625 0.385802821875 0.7254292312499999 0.4622263125 0.799254634375 0.476304325 0.7791204328125