0 0.91328125 0.021875 0.015625 0.04296875
0 0.81171875 0.06796875 0.02109375 0.0375
0 0.83671875 0.13515625 0.05625 0.0609375
0 0.95078125 0.26484375 0.0625 0.02265625
0 0.96015625 0.3609375 0.04140625 0.04140625
0 0.91875 0.34453125 0.02109375 0.0671875
0 0.93515625 0.27890625 0.0203125 0.0609375
0 0.83359375 0.25234375 0.06484375 0.01953125
0 0.86875 0.221875 0.01875 0.025
0 0.81953125 0.23125 0.0578125 0.0171875
0 0.775 0.1875 0.0484375 0.01953125
0 0.78203125 0.1453125 0.02265625 0.04296875
0 0.7640625 0.08359375 0.03046875 0.01953125
0 0.81015625 0.1890625 0.0171875 0.03828125