0 0.41875 0.23125 0.04140625 0.090625
0 0.23828125 0.12578125 0.0375 0.12578125
0 0.1625 0.37109375 0.065625 0.09609375
0 0.8 0.04609375 0.03125 0.0921875
0 0.59609375 0.28671875 0.084375 0.04296875
0 0.578125 0.23984375 0.06328125 0.0515625
0 0.6 0.49765625 0.0359375 0.11328125
0 0.59375 0.57265625 0.08828125 0.02265625
0 0.63671875 0.678125 0.06953125 0.046875
0 0.7765625 0.60859375 0.03203125 0.06484375
0 0.43671875 0.72890625 0.04296875 0.109375
0 0.28671875 0.878125 0.04375 0.07734375
0 0.39921875 0.87421875 0.0625 0.11640625
0 0.62421875 0.815625 0.0359375 0.10546875
0 0.68515625 0.7421875 0.05546875 0.11875
0 0.5421875 0.97109375 0.0625 0.0578125
0 0.596875 0.9515625 0.04140625 0.07734375
0 0.63671875 0.9734375 0.0359375 0.053125
0 0.659375 0.9078125 0.0359375 0.053125
0 0.70546875 0.8875 0.03984375 0.04921875
0 0.72734375 0.896875 0.01953125 0.07109375
0 0.77109375 0.8953125 0.0515625 0.08203125
0 0.659375 0.84765625 0.02890625 0.053125
0 0.70078125 0.82578125 0.03046875 0.0625
0 0.7765625 0.8109375 0.05546875 0.06015625
0 0.70859375 0.96796875 0.04765625 0.06328125
0 0.80390625 0.975 0.0359375 0.05
0 0.5625 0.85234375 0.06328125 0.07578125
0 0.6953125 0.3765625 0.0359375 0.1078125