0 0.55234375 0.1015625 0.11015625 0.04453125
0 0.6796875 0.3203125 0.03203125 0.21484375
0 0.64609375 0.3671875 0.0421875 0.18671875
0 0.7328125 0.3140625 0.0375 0.0796875
0 0.39921875 0.48203125 0.03203125 0.13046875
0 0.1796875 0.85078125 0.0640625 0.10703125
0 0.45703125 0.6890625 0.0296875 0.04453125
0 0.50546875 0.72265625 0.05859375 0.0875
0 0.4671875 0.76171875 0.03359375 0.06484375
0 0.6125 0.796875 0.07890625 0.07265625
0 0.58359375 0.6359375 0.0375 0.06015625
0 0.6328125 0.6546875 0.02890625 0.14296875
0 0.7109375 0.68125 0.109375 0.0359375
0 0.7234375 0.76328125 0.078125 0.0703125
0 0.81328125 0.84375 0.04609375 0.07265625
0 0.853125 0.77890625 0.02109375 0.12734375
0 0.8875 0.68359375 0.028125 0.146875
0 0.84609375 0.64765625 0.05 0.071875
0 0.9249235375 0.6123706062500001 0.856289090625 0.46237351875000005 0.8433433593749999 0.488387978125 0.9115531921875 0.637816540625 0.9249235375 0.6123706062500001
0 0.8375 0.575 0.0328125 0.05078125
0 0.78046875 0.6140625 0.065625 0.084375
0 0.8233089015624999 0.526657984375 0.9008569156249999 0.3512149625 0.877681646875 0.328447546875 0.7947854953125 0.5065690875 0.8233089015624999 0.526657984375
0 0.81484375 0.34765625 0.09375 0.05234375
0 0.39375 0.1890625 0.03828125 0.1640625
0 0.7136720546875 0.23336010312500002 0.8188521203124999 0.1396119234375 0.8084057484375 0.11016018593750002 0.7003017093749999 0.20121786875 0.7136720546875 0.23336010312500002
0 0.77250158125 0.22666380312499998 0.8340051781250001 0.17443267812500002 0.820526959375 0.1508759234375 0.7626966625 0.20523565000000002 0.77250158125 0.22666380312499998
0 0.7457608875 0.1610400765625 0.808155840625 0.10479116875000001 0.8001336328124999 0.08336301093750001 0.7386300359375 0.130237103125 0.7457608875 0.1610400765625
0 0.6984375 0.03203125 0.05390625 0.0625
0 0.771875 0.06171875 0.03046875 0.05078125
0 0.59140625 0.0234375 0.0390625 0.046875