0 0.30625 0.3234375 0.0375 0.059375
0 0.74453125 0.0390625 0.02578125 0.078125
0 0.80703125 0.2484375 0.0203125 0.10390625
0 0.8328125 0.30859375 0.0421875 0.05859375
0 0.68984375 0.46171875 0.03203125 0.09765625
0 0.5796875 0.55546875 0.01953125 0.10859375
0 0.65 0.6765625 0.02578125 0.03515625
0 0.80078125 0.56875 0.02890625 0.08203125
0 0.7890625 0.63828125 0.01953125 0.0328125
0 0.69296875 0.3265625 0.0203125 0.09453125
0 0.5567501078125 0.3281143609375 0.58490613125 0.21938968593750002 0.5572627609375 0.2081319796875 0.530605228125 0.31871840156250003 0.5567501078125 0.3281143609375
0 0.48032661406250005 0.37643644374999996 0.519543934375 0.3146915625 0.49541019999999997 0.2878459640625 0.46021517031250003 0.3536176796875 0.48032661406250005 0.37643644374999996
0 0.56796875 0.01328125 0.01953125 0.02578125
0 0.79765625 0.09296875 0.0390625 0.0515625
0 0.80859375 0.0328125 0.04765625 0.040625