0 0.3265625 0.54921875 0.0109375 0.05
0 0.54375 0.6734375 0.034375 0.02109375
0 0.540625 0.6390625 0.01328125 0.0390625
0 0.253125 0.55 0.01328125 0.03671875
0 0.27890625 0.53359375 0.0125 0.0359375
0 0.2765625 0.6015625 0.01484375 0.01953125
0 0.32890625 0.628125 0.02109375 0.0296875
0 0.396875 0.69296875 0.01484375 0.02265625
0 0.4984375 0.69453125 0.0171875 0.0375
0 0.58515625 0.71015625 0.01328125 0.03046875
0 0.696875 0.759375 0.0234375 0.03203125
0 0.496875 0.76171875 0.0234375 0.0265625
0 0.57890625 0.81875 0.0359375 0.0203125
0 0.60234375 0.84140625 0.01796875 0.0359375
0 0.4890625 0.86171875 0.01328125 0.02578125
0 0.5015625 0.84140625 0.02109375 0.03359375
0 0.25 0.6515625 0.0171875 0.02578125
0 0.27890625 0.70390625 0.009375 0.0609375
0 0.21875 0.73828125 0.02421875 0.03046875
0 0.25390625 0.7625 0.0171875 0.05625
0 0.1859375 0.9296875 0.03203125 0.0265625
0 0.22734375 0.984375 0.0203125 0.01640625
0 0.2828125 0.97734375 0.015625 0.0203125
0 0.353125 0.89609375 0.01015625 0.04609375
0 0.36796875 0.928125 0.01875 0.03203125
0 0.378125 0.9 0.01640625 0.0265625
0 0.409375 0.91640625 0.015625 0.02734375
0 0.33671875 0.9765625 0.01796875 0.03359375
0 0.50234375 0.965625 0.0171875 0.0484375
0 0.5484375 0.9390625 0.015625 0.04921875
0 0.5609375 0.9203125 0.0140625 0.0484375
0 0.603125 0.97890625 0.028125 0.03984375
0 0.13125 0.8640625 0.0140625 0.02421875