0 0.74453125 0.746875 0.0140625 0.028125
0 0.778125 0.703125 0.0203125 0.0421875
0 0.75859375 0.796875 0.0515625 0.01640625
0 0.5984375 0.8578125 0.025 0.021875
0 0.53125 0.80625 0.02265625 0.03359375
0 0.45 0.91796875 0.02265625 0.03125
0 0.567839759375 0.6580060078125001 0.558049846875 0.566078025 0.5342402984375 0.5768612 0.5428210921875001 0.6594202874999999 0.567839759375 0.6580060078125001
0 0.5406455578125 0.5335496625 0.49278376562500004 0.5858779000000001 0.5089987781249999 0.5994915296875 0.55261100625 0.5519352578125 0.5406455578125 0.5335496625
0 0.6755287921875001 0.7414483328125 0.635281375 0.6862915421875 0.6238912109375 0.7024595203125 0.6646511125 0.7527625453125 0.6755287921875001 0.7414483328125
0 0.6820554 0.7372055046875 0.7081618328125 0.7018485875 0.6952637859374999 0.6900128421875 0.6690021859375 0.7244770125 0.6820554 0.7372055046875
0 0.6842309359375001 0.6990200328125 0.6744410249999999 0.6481060703125 0.658124503125 0.6565917328124999 0.6679144171875 0.7103342453125 0.6842309359375001 0.6990200328125
0 0.6842309359375001 0.6763916078125 0.7299171953125 0.6707345 0.7299171953125 0.6523489046875001 0.683948621875 0.6617249328125 0.6842309359375001 0.6763916078125
0 0.6244036953125 0.7258912921875 0.67335325625 0.7273055671875001 0.6755287921875001 0.7089199703125 0.6254914640625 0.7089199703125 0.6244036953125 0.7258912921875