0 0.21328125 0.24375 0.02890625 0.03359375
0 0.23671875 0.20546875 0.05234375 0.03125
0 0.190625 0.35859375 0.053125 0.06328125
0 0.17578125 0.46015625 0.0375 0.0359375
0 0.11640625 0.57890625 0.0625 0.07265625
0 0.15 0.6734375 0.07421875 0.04453125
0 0.2890625 0.67421875 0.025 0.13125
0 0.196875 0.79140625 0.02265625 0.05390625
0 0.23828125 0.77578125 0.05625 0.0390625
0 0.07734375 0.68515625 0.0265625 0.071875
0 0.09921875 0.715625 0.0265625 0.090625
0 0.13984375 0.77890625 0.05703125 0.07109375
0 0.42578125 0.6765625 0.02734375 0.04296875
0 0.47734375 0.79609375 0.05234375 0.04921875
0 0.6359375 0.7625 0.0734375 0.05625
0 0.7171875 0.68984375 0.03125 0.04921875
0 0.62265625 0.91796875 0.03046875 0.046875
0 0.553125 0.865625 0.02109375 0.07265625
0 0.59140625 0.87109375 0.02421875 0.06171875
0 0.63828125 0.89296875 0.04296875 0.04140625
0 0.6140625 0.84375 0.046875 0.0515625
0 0.43046875 0.99140625 0.05703125 0.0171875
0 0.4265625 0.9515625 0.059375 0.03984375
0 0.48046875 0.93671875 0.05234375 0.0453125
0 0.521875 0.96953125 0.025 0.0609375
0 0.55234375 0.96171875 0.0375 0.04765625
0 0.69921875 0.58984375 0.03125 0.07734375
0 0.644273 0.5407951828125 0.5934706640625 0.42969340625 0.5824359625 0.43854166718750004 0.6286415125 0.559312146875 0.644273 0.5407951828125
0 0.6377598796874999 0.4783004328125 0.584352296875 0.44821037031250005 0.586605234375 0.46817129687500003 0.633852009375 0.50376125625 0.6377598796874999 0.4783004328125
0 0.7432724234375 0.67967240625 0.7641144093750001 0.6657846828125 0.7576012890625 0.6194922765624999 0.7356567265625 0.631134259375 0.7432724234375 0.67967240625
0 0.730246184375 0.6356946203125 0.7914695125 0.577829109375 0.7823511437499999 0.559312146875 0.7221065906249999 0.6089120359375 0.730246184375 0.6356946203125
0 0.7250356890625 0.610233796875 0.7745354 0.5731998703125 0.7641144093750001 0.5477390468750001 0.71721994375 0.5847729703125 0.7250356890625 0.610233796875