0 0.57734375 0.1078125 0.09296875 0.0703125
0 0.58828125 0.2828125 0.034375 0.0734375
0 0.58828125 0.32890625 0.08515625 0.0171875
0 0.55859375 0.36796875 0.0328125 0.03671875
0 0.30859375 0.24609375 0.04765625 0.0734375
0 0.3016964828125 0.35729562812500004 0.25253416875 0.276165259375 0.2402435890625 0.2879422484375 0.2911617015625 0.375615390625 0.3016964828125 0.35729562812500004
0 0.28984375 0.30234375 0.07109375 0.03125
0 0.24453125 0.3734375 0.03046875 0.05625
0 0.26015625 0.35703125 0.0234375 0.04453125
0 0.3517366984375 0.3389758671875 0.421090678125 0.229057303125 0.40153726250000005 0.204996334375 0.327155540625 0.31934755312499996 0.3517366984375 0.3389758671875
0 0.2604352546875 0.3389758671875 0.2367319953125 0.2617711625 0.2191740265625 0.2709310421875 0.24463308125 0.34944430312499997 0.2604352546875 0.3389758671875
0 0.3921875 0.37734375 0.01796875 0.059375
0 0.2453125 0.65 0.046875 0.0328125
0 0.6203125 0.7109375 0.03359375 0.0359375
0 0.6625 0.6046875 0.01953125 0.03671875
0 0.35625 0.6953125 0.03671875 0.0328125
0 0.37734375 0.19609375 0.05546875 0.015625