0 0.41171875 0.73671875 0.0171875 0.03671875
0 0.65 0.39921875 0.0171875 0.0203125
0 0.46640625 0.5375 0.015625 0.02890625
0 0.82109375 0.6328125 0.02890625 0.01640625
0 0.821875 0.615625 0.0234375 0.0171875
0 0.81953125 0.6 0.0296875 0.0109375
0 0.8296875 0.66328125 0.02109375 0.02734375
0 0.61484375 0.6609375 0.03203125 0.015625
0 0.65703125 0.79140625 0.03203125 0.02890625
0 0.77734375 0.8828125 0.021875 0.03515625
0 0.753125 0.90234375 0.01953125 0.0234375
0 0.771875 0.93359375 0.0078125 0.02578125
0 0.74296875 0.94296875 0.0203125 0.03671875
0 0.69375 0.96484375 0.02578125 0.02890625
0 0.75703125 0.98515625 0.01640625 0.01875
0 0.73046875 0.9921875 0.0234375 0.015625
0 0.4125 0.9578125 0.021875 0.034375
0 0.4359375 0.97890625 0.0109375 0.02265625
0 0.48125 0.9875 0.015625 0.02421875
0 0.396875 0.99140625 0.01875 0.0171875