0 0.81328125 0.4484375 0.04140625 0.0375
0 0.846875 0.47421875 0.01328125 0.02109375
0 0.87734375 0.4765625 0.0421875 0.01640625
0 0.94921875 0.63984375 0.02109375 0.0515625
0 0.96953125 0.76640625 0.01328125 0.03125
0 0.98359375 0.7546875 0.03203125 0.03828125
0 0.7515625 0.5765625 0.0203125 0.02421875
0 0.85859375 0.62109375 0.0328125 0.021875
0 0.65625 0.6140625 0.01796875 0.03359375
0 0.515625 0.61015625 0.01328125 0.01015625
0 0.525 0.59140625 0.01015625 0.03203125
0 0.54609375 0.59296875 0.01953125 0.01875
0 0.5484375 0.715625 0.0453125 0.01484375
0 0.55 0.6890625 0.01953125 0.02265625
0 0.56953125 0.6453125 0.01640625 0.01953125
0 0.59765625 0.6828125 0.04375 0.034375
0 0.590625 0.74921875 0.04921875 0.01328125
0 0.5875 0.7375 0.05078125 0.0125
0 0.62890625 0.7296875 0.01953125 0.01875
0 0.75078125 0.70078125 0.02734375 0.0453125
0 0.78515625 0.70390625 0.02578125 0.021875
0 0.815625 0.68125 0.01796875 0.01796875
0 0.93828125 0.76015625 0.03828125 0.03203125
0 0.903125 0.8265625 0.0609375 0.015625
0 0.92109375 0.8359375 0.0171875 0.021875
0 0.8203125 0.82421875 0.03671875 0.02421875
0 0.834375 0.7921875 0.0234375 0.01171875
0 0.8140625 0.78984375 0.03984375 0.03671875
0 0.78125 0.8078125 0.01796875 0.03046875
0 0.7203125 0.8046875 0.03515625 0.02421875
0 0.67890625 0.796875 0.01953125 0.03515625
0 0.69140625 0.76171875 0.015625 0.03125
0 0.71328125 0.75078125 0.03125 0.01796875
0 0.6296875 0.70078125 0.015625 0.02578125
0 0.528125 0.6515625 0.0265625 0.02265625
0 0.840625 0.84765625 0.0296875 0.0140625