0 0.4375 0.03828125 0.01953125 0.034375
0 0.57265625 0.134375 0.01875 0.034375
0 0.63203125 0.1734375 0.01171875 0.05
0 0.6390625 0.1671875 0.01171875 0.02890625
0 0.5765625 0.23671875 0.028125 0.015625
0 0.5747173625 0.2843159984375 0.5959842562500001 0.3026072265625 0.5993869593750001 0.29346161249999997 0.5768440515625 0.2744082484375 0.5747173625 0.2843159984375
0 0.5953125 0.26171875 0.00859375 0.03125
0 0.48359375 0.05546875 0.01796875 0.0171875
0 0.3859375 0.04453125 0.0140625 0.04453125
0 0.30078125 0.0828125 0.0171875 0.01875
0 0.3171875 0.07890625 0.00859375 0.0375
0 0.353125 0.1234375 0.01640625 0.03203125
0 0.37821126875 0.1875249140625 0.3999035 0.1539909953125 0.3952247828125 0.1425589765625 0.3735069234375 0.1761008875 0.37821126875 0.1875249140625
0 0.38359375 0.14453125 0.02734375 0.021875
0 0.48125 0.1375 0.01328125 0.0203125
0 0.48671875 0.171875 0.01875 0.01484375
0 0.49517918125 0.2020054703125 0.516446075 0.17914143437500002 0.5109166828125 0.1654230125 0.4887991140625 0.1898113171875 0.49517918125 0.2020054703125
0 0.3833153234375 0.17914143437500002 0.4173423515625 0.173806490625 0.4173423515625 0.1623744734375 0.3840542265625 0.16695476874999998 0.3833153234375 0.17914143437500002
0 0.3280214 0.18295210625 0.3509896453125 0.212675353125 0.35651903749999997 0.20124333437500003 0.3330188859375 0.1767106265625 0.3280214 0.18295210625
0 0.3518403203125 0.1494181859375 0.32674538750000004 0.1090250578125 0.3217911109375 0.119394953125 0.3463109296875 0.1578016671875 0.3518403203125 0.1494181859375
0 0.3518403203125 0.1867627796875 0.352690996875 0.172282221875 0.317708284375 0.1590281328125 0.3173879546875 0.16847155 0.3518403203125 0.1867627796875
0 0.31951464375 0.1623744734375 0.3514149828125 0.16313660937500002 0.3514149828125 0.1547531296875 0.3207704046875 0.1529307203125 0.31951464375 0.1623744734375
0 0.410111609375 0.26450049999999997 0.38459133749999996 0.2225831015625 0.379290928125 0.22792889062500002 0.40458221562499996 0.27898105625 0.410111609375 0.26450049999999997
0 0.381188634375 0.2675490375 0.39394877031250003 0.2576412890625 0.389270053125 0.2439228671875 0.3752081015625 0.2541477640625 0.381188634375 0.2675490375
0 0.43470073437499995 0.23982794218749998 0.4313785015625 0.24697140625 0.45051870625 0.26602476875000003 0.45264539531250003 0.2568791546875 0.43470073437499995 0.23982794218749998
0 0.44966802968749997 0.250782078125 0.446690665625 0.2248695046875 0.440873571875 0.2285386328125 0.4432879625 0.250782078125 0.44966802968749997 0.250782078125
0 0.6 0.209375 0.01328125 0.01640625
0 0.6171875 0.23203125 0.0203125 0.00625
0 0.50859375 0.271875 0.01640625 0.02734375
0 0.50546875 0.253125 0.01484375 0.025
0 0.48125 0.30859375 0.00859375 0.03828125
0 0.50234375 0.31484375 0.02265625 0.0296875
0 0.415625 0.2984375 0.015625 0.009375
0 0.434375 0.28203125 0.025 0.01015625
0 0.45390625 0.2875 0.00703125 0.03046875
0 0.546875 0.05546875 0.0125 0.01875
0 0.55625 0.23828125 0.00703125 0.01640625
0 0.564083915625 0.3239469921875 0.56791195625 0.31632564687500003 0.5398396578125 0.2751703828125 0.5375004828125001 0.2828056 0.564083915625 0.3239469921875
0 0.55259979375 0.2881266703125 0.5479210765625 0.259165559375 0.542391684375 0.26068982812499997 0.5479210765625 0.2896509390625 0.55259979375 0.2881266703125
0 0.5730160109375 0.31327710937500003 0.5764187140625 0.3064179 0.5581291859374999 0.2850781328125 0.5568531734375 0.2926994765625 0.5730160109375 0.31327710937500003