0 0.23359375 0.48046875 0.03046875 0.08203125
0 0.2453125 0.409375 0.0265625 0.0609375
0 0.14609375 0.43984375 0.090625 0.03359375
0 0.4953125 0.44765625 0.0421875 0.0546875
0 0.43203125 0.3796875 0.03046875 0.0328125
0 0.6515625 0.478125 0.05234375 0.0359375
0 0.709375 0.46953125 0.05234375 0.03046875
0 0.83828125 0.48984375 0.0671875 0.0453125
0 0.7390625 0.55234375 0.0375 0.046875
0 0.578125 0.54765625 0.04921875 0.0265625
0 0.471875 0.51953125 0.059375 0.0265625
0 0.0421875 0.4921875 0.04453125 0.0265625
0 0.0609375 0.51953125 0.04453125 0.01875