0 0.36171875 0.73671875 0.3015625 0.07734375
0 0.1828125 0.66171875 0.1421875 0.07734375
0 0.644070003125 0.7419864828125 0.9540102171875 0.5511674906249999 0.9265069890625 0.5138043328124999 0.61762459375 0.676600953125 0.644070003125 0.7419864828125
0 0.70859375 0.5421875 0.20625 0.07890625
0 0.4484375 0.4765625 0.29140625 0.053125
0 0.0671875 0.22734375 0.11640625 0.11328125
0 0.8133206312500001 0.202889471875 0.57742756875 0.0601088296875 0.5286758015624999 0.13751734843750002 0.7678345249999999 0.27628139375 0.8133206312500001 0.202889471875
0 0.8090893671874999 0.3643516953125 0.56050250625 0.17219830625000002 0.5295219671875 0.210112628125 0.77947050625 0.4097212453125 0.8090893671874999 0.3643516953125
0 0.593294815625 0.37369248437499997 0.30451093125 0.197551878125 0.2759498875 0.21623345781249997 0.5615603234375001 0.4097212453125 0.593294815625 0.37369248437499997
0 0.3859627953125 0.329657334375 0.128913403125 0.22423985000000002 0.1162196078125 0.2616030078125 0.37221118125 0.37369248437499997 0.3859627953125 0.329657334375
0 0.140549384375 0.520476325 0.4652990265625 0.3830332765625 0.4473161484375 0.34300131875 0.12362432187500001 0.475106775 0.140549384375 0.520476325
0 0.41240820625 0.6245594125 0.23046378125000003 0.4857819640625 0.194439890625 0.5036964875 0.3870206125 0.660588171875 0.41240820625 0.6245594125
0 0.334129790625 0.3590141015625 0.11939305625 0.3590141015625 0.12150868906250001 0.404383653125 0.3351876078125 0.3950428625 0.334129790625 0.3590141015625
0 0.4769350078125 0.6952825328125 0.527710196875 0.573852265625 0.475877190625 0.5565050859375 0.4187551046875 0.68060415 0.4769350078125 0.6952825328125
0 0.465625 0.5140625 0.12421875 0.05625
0 0.109375 0.4828125 0.0609375 0.10390625
0 0.04765625 0.43359375 0.09453125 0.15234375
0 0.51328125 0.2828125 0.10859375 0.03203125
0 0.60078125 0.30234375 0.09296875 0.084375