0 0.8868790140625 0.58068006875 0.80636455 0.6132111671875 0.8173437953124999 0.6359829328125 0.8954184265625 0.6034518375 0.8868790140625 0.58068006875
0 0.813684046875 0.6132111671875 0.883219265625 0.58068006875 0.8746798531250001 0.5644145203125001 0.8075844671875 0.5904393984375 0.813684046875 0.6132111671875
0 0.6234375 0.52734375 0.07109375 0.06484375
0 0.66875 0.53515625 0.0265625 0.0421875
0 0.69921875 0.54453125 0.02421875 0.05546875
0 0.415625 0.44921875 0.0765625 0.05546875
0 0.29296875 0.55078125 0.0484375 0.0765625
0 0.25859375 0.70234375 0.06328125 0.0359375
0 0.16796875 0.71171875 0.05234375 0.09296875
0 0.17421875 0.81484375 0.0375 0.0421875
0 0.63828125 0.94375 0.05 0.0484375
0 0.6328125 0.8765625 0.0671875 0.05546875