0 0.53671875 0.7390625 0.0796875 0.10234375
0 0.775 0.5703125 0.0359375 0.14765625
0 0.68203125 0.54765625 0.0859375 0.08125
0 0.7171875 0.65 0.059375 0.08125
0 0.62421875 0.93515625 0.0578125 0.08671875
0 0.5390625 0.92578125 0.10703125 0.0453125
0 0.42578125 0.70546875 0.10703125 0.028125
0 0.346875 0.80859375 0.10546875 0.03671875
0 0.30390625 0.96171875 0.03359375 0.0765625
0 0.390625 0.81640625 0.06796875 0.0796875
0 0.31640625 0.88203125 0.071875 0.06796875
0 0.47890625 0.51328125 0.0421875 0.09609375
0 0.5359375 0.509375 0.0546875 0.06484375
0 0.8483358593749999 0.6146633515625 0.9041451203124999 0.5575342734375 0.8986839671875 0.5355149875 0.838662253125 0.588091690625 0.8483358593749999 0.6146633515625
0 0.86842719375 0.6425636015625 0.916051096875 0.5814487734375 0.909993490625 0.5588993390625 0.858753590625 0.6146633515625 0.86842719375 0.6425636015625