0 0.5421875 0.02265625 0.02265625 0.04453125
0 0.60546875 0.14140625 0.0203125 0.103125
0 0.7796875 0.3046875 0.0296875 0.08515625
0 0.7890625 0.44921875 0.02734375 0.10546875
0 0.7515625 0.784375 0.021875 0.12734375
0 0.77578125 0.703125 0.01875 0.0796875
0 0.74375 0.66953125 0.01953125 0.0671875
0 0.78046875 0.62734375 0.01953125 0.07578125
0 0.6625 0.20859375 0.02734375 0.065625
0 0.7125 0.16953125 0.01640625 0.09765625
0 0.76484375 0.0953125 0.0140625 0.06328125
0 0.67109375 0.1109375 0.02890625 0.0609375
0 0.69140625 0.09140625 0.02421875 0.0671875
0 0.703125 0.32578125 0.01953125 0.13125
0 0.7375 0.2296875 0.0203125 0.0515625
0 0.63125 0.42890625 0.0203125 0.09453125
0 0.64609375 0.403125 0.01328125 0.084375
0 0.665625 0.32421875 0.0234375 0.02734375
0 0.64765625 0.5546875 0.021875 0.04921875
0 0.6625 0.5234375 0.034375 0.0359375
0 0.7733244906250001 0.0263254015625 0.7602816890625 0 0.750274253125 0.007142187499999999 0.76739594375 0.0450574359375 0.7733244906250001 0.0263254015625
0 0.64765625 0.0484375 0.021875 0.06328125
0 0.725896121875 0.6796051046875 0.748424596875 0.611701478125 0.7388890531250001 0.5897574015625 0.7116676125 0.6515070515625 0.725896121875 0.6796051046875