0 0.52890625 0.4828125 0.01796875 0.09921875
0 0.3734375 0.465625 0.03125 0.08359375
0 0.4171875 0.446875 0.02421875 0.103125
0 0.80703125 0.68359375 0.034375 0.09296875
0 0.85234375 0.728125 0.03515625 0.08671875
0 0.48515625 0.7453125 0.025 0.103125
0 0.5109375 0.82890625 0.01796875 0.07578125
0 0.62265625 0.90546875 0.02421875 0.0515625
0 0.3046875 0.65234375 0.025 0.06015625
0 0.33125 0.60625 0.01875 0.084375
0 0.38671875 0.7234375 0.025 0.0734375
0 0.36171875 0.83515625 0.04140625 0.0640625
0 0.4078125 0.96015625 0.03125 0.0796875
0 0.2625 0.93515625 0.0171875 0.03203125
0 0.27421875 0.8734375 0.0328125 0.06875