0 0.59453125 0.6921875 0.02421875 0.01953125
0 0.69765625 0.940625 0.0140625 0.03671875
0 0.721875 0.94609375 0.03359375 0.03125
0 0.6484375 0.91484375 0.021875 0.02734375
0 0.64296875 0.890625 0.0109375 0.05
0 0.64296875 0.98359375 0.01015625 0.0328125
0 0.56015625 0.9578125 0.015625 0.02890625
0 0.59765625 0.7421875 0.01015625 0.028125
0 0.609375 0.77265625 0.0125 0.02265625
0 0.5375 0.8203125 0.009375 0.03203125
0 0.49140625 0.8140625 0.0125 0.06171875
0 0.440625 0.72734375 0.009375 0.0203125
0 0.45 0.8125 0.0125 0.0328125
0 0.43359375 0.79765625 0.009375 0.0328125
0 0.45 0.878125 0.0125 0.06640625
0 0.4984375 0.9828125 0.00625 0.034375
0 0.43046875 0.8609375 0.0140625 0.028125
0 0.45625 0.92578125 0.00859375 0.02578125
0 0.46015625 0.9828125 0.01015625 0.01953125
0 0.4349284265625 0.9921852578125 0.43886091406250005 0.9830249875 0.42155796875 0.9618859015625001 0.418411978125 0.9738647171875 0.4349284265625 0.9921852578125
0 0.42942294375 0.9668183546875 0.43374867968749997 0.9562488124999999 0.422737715625 0.9344050890625001 0.41704940781250005 0.9452863390624999 0.42942294375 0.9668183546875
0 0.43532167499999996 0.981615715625 0.45223137187500007 0.9745693531249999 0.44947863125 0.9618859015625001 0.43217568437500004 0.9710461718750001 0.43532167499999996 0.981615715625
0 0.438467665625 0.954134903125 0.4416136546875 0.94567926875 0.42155796875 0.9090381859375001 0.41762548125 0.920312365625 0.438467665625 0.954134903125
0 0.4317824359375 0.9231309109374999 0.4357149234375 0.9174938203125 0.418411978125 0.8794434656250001 0.4148727390625 0.8886037359375001 0.4317824359375 0.9231309109374999
0 0.450265128125 0.7342884062499999 0.4585233515625 0.6708711468749999 0.4530178703125 0.667347965625 0.444366396875 0.7286513171875 0.450265128125 0.7342884062499999
0 0.45703125 0.7203125 0.0109375 0.01875