0 0.57734375 0.2796875 0.0375 0.04453125
0 0.6296875 0.22890625 0.0609375 0.02109375
0 0.665625 0.26328125 0.03515625 0.03671875
0 0.49140625 0.25 0.0640625 0.02109375
0 0.3875 0.28671875 0.0609375 0.04140625
0 0.284375 0.49765625 0.0171875 0.03671875
0 0.2953125 0.478125 0.015625 0.0390625
0 0.315625 0.44140625 0.053125 0.0234375
0 0.4875 0.59375 0.0171875 0.04140625
0 0.4625 0.56484375 0.06640625 0.03671875
0 0.5140625 0.7328125 0.0546875 0.0234375
0 0.210393190625 0.6188885609375 0.251604228125 0.5841845296875 0.2440127203125 0.57406251875 0.2017171828125 0.6102125515625 0.210393190625 0.6188885609375
0 0.21364669374999998 0.636240575 0.2646182390625 0.5971985421875 0.2537732296875 0.5812925265625 0.20063268124999997 0.6246725640624999 0.21364669374999998 0.636240575