0 0.88515625 0.159375 0.03828125 0.03828125
0 0.90546875 0.21171875 0.07109375 0.03125
0 0.790625 0.1625 0.10546875 0.0296875
0 0.671875 0.26328125 0.05859375 0.028125
0 0.60078125 0.2171875 0.059375 0.01640625
0 0.62578125 0.23828125 0.04765625 0.02578125
0 0.4625 0.09296875 0.03125 0.028125
0 0.33046875 0.10078125 0.03046875 0.04375
0 0.3828125 0.08984375 0.04296875 0.02421875
0 0.2109375 0.12421875 0.05234375 0.00859375
0 0.20390625 0.1859375 0.0796875 0.03046875
0 0.23359375 0.13984375 0.059375 0.01640625
0 0.2625 0.1875 0.025 0.02578125
0 0.41953125 0.18359375 0.0484375 0.028125
0 0.47890625 0.1921875 0.053125 0.0203125
0 0.8171875 0.08203125 0.07421875 0.021875
0 0.8109375 0.0125 0.046875 0.02421875
0 0.7453125 0.38125 0.0953125 0.01640625
0 0.75 0.4484375 0.065625 0.046875
0 0.44609375 0.33984375 0.03984375 0.040625
0 0.41328125 0.4359375 0.03671875 0.0265625
0 0.41796875 0.39453125 0.04140625 0.028125
0 0.4875 0.43359375 0.0734375 0.0453125
0 0.29453125 0.4328125 0.04453125 0.02421875
0 0.31171875 0.49453125 0.03671875 0.02578125
0 0.40859375 0.48515625 0.06875 0.01640625
0 0.31875 0.534375 0.03515625 0.01328125
0 0.346875 0.5125 0.0515625 0.03125
0 0.6796875 0.534375 0.05625 0.02734375
0 0.86015625 0.540625 0.10625 0.0453125
0 0.37890625 0.63359375 0.04453125 0.03359375
0 0.3671875 0.60390625 0.05625 0.0265625
0 0.69921875 0.6640625 0.08046875 0.015625
0 0.71953125 0.72578125 0.03203125 0.03984375
0 0.43359375 0.76015625 0.03046875 0.0265625
0 0.471875 0.79921875 0.0453125 0.0125
0 0.4625 0.77265625 0.0546875 0.02578125
0 0.48984375 0.7390625 0.05625 0.02421875
0 0.51953125 0.84453125 0.053125 0.01953125
0 0.60390625 0.84375 0.05 0.03359375
0 0.65234375 0.80390625 0.05078125 0.021875