0 0.11328125 0.3796875 0.0453125 0.125
0 0.29140625 0.24140625 0.01640625 0.11328125
0 0.275 0.35546875 0.025 0.09375
0 0.47890625 0.56796875 0.034375 0.06171875
0 0.484375 0.509375 0.021875 0.065625
0 0.4145704921875 0.5617590859375 0.48109459374999997 0.46149087343749995 0.4666328328125 0.4332100953125 0.4010728484375 0.5347637984375 0.4145704921875 0.5617590859375
0 0.214998184375 0.24401169218750002 0.2313881828125 0.0884674140625 0.2169264203125 0.08718192500000001 0.1966799546875 0.23629875312499998 0.214998184375 0.24401169218750002
0 0.238137003125 0.2506705296875 0.261275821875 0.1272635 0.2419934734375 0.11312311093750001 0.220782890625 0.23524465156250002 0.238137003125 0.2506705296875
0 0.179325840625 0.015374459375 0.14172526093749999 0.1077497640625 0.1638999625 0.1347450515625 0.20439289375 0.043475268750000004 0.179325840625 0.015374459375
0 0.50546875 0.8265625 0.02890625 0.13125
0 0.51640625 0.55078125 0.0171875 0.0734375
0 0.5447263453125 0.7160178734375 0.557259871875 0.6401739703125 0.5505110484375 0.6350320093749999 0.53701340625 0.7147323828125 0.5447263453125 0.7160178734375
0 0.5389416390624999 0.7095904234375 0.551475165625 0.6286045609375 0.5447263453125 0.6196061312500001 0.5302645828125 0.7005919953124999 0.5389416390624999 0.7095904234375
0 0.5996810375 0.71344689375 0.5331569359375 0.8304264734375 0.5485828140625 0.8497088234374999 0.6141428 0.7404421812499999 0.5996810375 0.71344689375
0 0.5992642453125 0.7026469468750001 0.5861833937500001 0.68645160625 0.5505110484375 0.7507261015625 0.5620804578125 0.7712939390625 0.5992642453125 0.7026469468750001
0 0.55546875 0.7 0.01328125 0.0296875
0 0.6237839734375 1 0.6662051390625 0.8548507828125 0.6469227921875 0.8471378421875 0.6006451546875 1 0.6237839734375 1
0 0.628125 0.81015625 0.028125 0.05546875
0 0.6440304390625 0.9486915453125 0.6719898453125001 0.9319801765625 0.6719898453125001 0.9011284187499999 0.642102203125 0.9229817468749999 0.6440304390625 0.9486915453125