0 0.609375 0.0125 0.0375 0.025
0 0.6421875 0.14453125 0.025 0.06953125
0 0.640625 0.690625 0.0125 0.11875
0 0.40390625 0.80703125 0.02890625 0.0578125
0 0.43359375 0.82265625 0.01015625 0.06171875
0 0.36953125 0.46953125 0.03359375 0.03046875
0 0.41875 0.39140625 0.0140625 0.11328125
0 0.46875 0.52265625 0.0109375 0.09921875
0 0.434375 0.36953125 0.03203125 0.02265625
0 0.440625 0.328125 0.02109375 0.05703125
0 0.54453125 0.2078125 0.0328125 0.0421875
0 0.553125 0.31953125 0.021875 0.0875
0 0.58203125 0.29921875 0.03203125 0.07109375
0 0.6125 0.359375 0.025 0.0359375
0 0.7171875 0.26953125 0.02109375 0.06171875