0 0.80078125 0.06328125 0.02734375 0.1125
0 0.86953125 0.11328125 0.04375 0.05546875
0 0.88984375 0.34375 0.04140625 0.20859375
0 0.9328125 0.24765625 0.02265625 0.12421875
0 0.928125 0.3546875 0.02734375 0.0921875
0 0.99296875 0.2515625 0.0140625 0.171875
0 0.9875 0.4484375 0.025 0.1484375
0 0.96796875 0.73828125 0.028125 0.08828125
0 0.9703125 0.878125 0.0328125 0.1234375
0 0.84765625 0.66875 0.06328125 0.06015625
0 0.71640625 0.334375 0.03515625 0.0859375
0 0.7375 0.5296875 0.03125 0.12734375
0 0.6421875 0.496875 0.02734375 0.09453125
0 0.57578125 0.40390625 0.03046875 0.0828125
0 0.7140625 0.07890625 0.02890625 0.1203125
0 0.59453125 0.04140625 0.01796875 0.0828125
0 0.496875 0.1125 0.04140625 0.140625
0 0.38828125 0.1265625 0.0375 0.0890625
0 0.3875 0.0359375 0.0359375 0.06953125
0 0.33203125 0.05546875 0.0328125 0.1109375