0 0.6046875 0.4640625 0.03671875 0.03359375
0 0.7171875 0.4609375 0.0140625 0.0453125
0 0.5953125 0.5875 0.0171875 0.04140625
0 0.6453125 0.6171875 0.02265625 0.03984375
0 0.4828125 0.70859375 0.03984375 0.03359375
0 0.40703125 0.65546875 0.025 0.05
0 0.45703125 0.65234375 0.02265625 0.0296875
0 0.425 0.5421875 0.0328125 0.0453125
0 0.4484375 0.49921875 0.0328125 0.06796875
0 0.47438575937499994 0.5554226703125 0.510152725 0.4892851875 0.49664075937499996 0.4768844125 0.46159511562500005 0.5438714453125 0.47438575937499994 0.5554226703125
0 0.4902821890625 0.5492222796874999 0.4457721890625 0.5502556796875 0.44497736562499995 0.5626564546874999 0.48948736875 0.5626564546874999 0.4902821890625 0.5492222796874999
0 0.48828125 0.5171875 0.015625 0.08515625
0 0.48203125 0.3015625 0.04296875 0.10234375
0 0.56484375 0.16875 0.025 0.02421875
0 0.4375 0.2046875 0.02109375 0.025
0 0.453125 0.18203125 0.021875 0.03125
0 0.46640625 0.23515625 0.0625 0.01640625