0 0.19696969687500002 0.22474747499999997 0.16498316562499998 0.18181818125 0.065656565625 0.4368686859375 0.1767676765625 0.4393939390625 0.19696969687500002 0.22474747499999997
0 0.10101010156250001 0.5151515156250001 0.10101010156250001 0.4873737359375 0.084175084375 0.6212121203125001 0.1700336703125 0.64393939375 0.16835016875 0.46717171874999996 0.10101010156250001 0.5151515156250001
0 0.1515151515625 0.8484848484375 0.0639730640625 0.8409090906250001 0.0488215484375 0.8964646453125 0.171717171875 0.9116161609375 0.22053872187499998 0.8636363640625 0.18013467968750002 0.8131313140625 0.1515151515625 0.8484848484375
0 0.1666666671875 0.8358585859375 0.19696969687500002 0.7702020203125 0.2340067328125 0.51767676875 0.18013467968750002 0.5202020203125 0.1380471375 0.84343434375 0.1666666671875 0.8358585859375
0 0.385521884375 0.8636363640625 0.42929292812500003 0.79292929375 0.2659932671875 0.5959595953125 0.240740740625 0.6767676765624999 0.385521884375 0.8636363640625
0 0.296296296875 0.7651515156250001 0.2979797984375 0.9116161609375 0.37373737500000004 0.99242424375 0.424242425 0.974747475 0.34006733906250003 0.7651515156250001 0.296296296875 0.7651515156250001
0 0.671717171875 1 0.6919191921875 0.9116161609375 0.61784511875 0.891414140625 0.6161616171875 1 0.671717171875 1
0 0.728956228125 0.81818181875 0.74410774375 0.9267676765624999 0.824915825 0.9873737359374999 0.8383838375 0.89393939375 0.8080808078124999 0.8131313140625 0.728956228125 0.81818181875
0 0.858585859375 0.6464646453125 0.91750841875 0.674242425 0.9326599328125 0.54292929375 0.853535353125 0.49242424375000005 0.858585859375 0.6464646453125
0 0.73232323125 0.4873737359375 0.7777777765625 0.525252525 0.8451178453124999 0.44949494999999995 0.8636363640625 0.31818181874999996 0.86868686875 0.17171717343749998 0.8198653203124999 0.17171717343749998 0.73232323125 0.4873737359375
0 0.991582490625 0.26010100937499997 0.9040404046875 0.010101009375000001 0.8670033671875 0.1363636359375 0.9360269359375 0.3712121203125 0.991582490625 0.26010100937499997
0 0.725589225 0 0.715488215625 0.28282828125 0.7340067328125001 0.2878787890625 0.776094275 0.22474747499999997 0.7777777765625 0.23232323125 0.7861952859375 0 0.725589225 0
0 0.7003367 0 0.621212121875 0.0025252515624999998 0.6599326609375 0.33838383906249997 0.720538721875 0.2979797984375 0.7003367 0
0 0.378787878125 0.358585859375 0.575757575 0.209595959375 0.558922559375 0.13888888906250002 0.3569023578125 0.315656565625 0.378787878125 0.358585859375
0 0.49326599375 0.31818181874999996 0.3164983171875 0.1792929296875 0.314814815625 0.23989899062500003 0.46127946093750005 0.366161615625 0.49326599375 0.31818181874999996
0 0.22053872187499998 0.39393939375000003 0.36868686875 0.5126262640625 0.3956228953125 0.4368686859375 0.25589225625 0.3131313140625 0.22053872187499998 0.39393939375000003
0 0.375420875 0.5883838390625 0.49158249062500003 0.47979797968750004 0.45454545468749996 0.41666666562500004 0.3636363640625 0.58080808125 0.375420875 0.5883838390625
0 0.4461279453125 0.489898990625 0.47979797968750004 0.47979797968750004 0.409090909375 0.3207070703125 0.3922558921875 0.3535353546875 0.4461279453125 0.489898990625
0 0.47979797968750004 0.6515151515625 0.5117845125 0.540404040625 0.4377104375 0.50757575625 0.3989898984375 0.5959595953125 0.47979797968750004 0.6515151515625
0 0.459595959375 0.409090909375 0.5488215484375 0.5858585859375001 0.602693603125 0.5681818187500001 0.49158249062500003 0.366161615625 0.459595959375 0.409090909375
0 0.64983165 0.6388888890625 0.6666666671875 0.47474747500000003 0.6228956234374999 0.424242425 0.6077441078125 0.6262626265625 0.64983165 0.6388888890625
0 0.6195286203125 0.5151515156250001 0.602693603125 0.4696969703125 0.523569025 0.6388888890625 0.5606060609375 0.6767676765624999 0.6195286203125 0.5151515156250001