0 0.67109375 0.1875 0.03125 0.1015625
0 0.45 0.05 0.02265625 0.08515625
0 0.4796875 0.04453125 0.01796875 0.08828125
0 0.3890625 0.015625 0.0203125 0.03046875
0 0.390625 0.171875 0.04296875 0.02734375
0 0.475 0.209375 0.02109375 0.04921875
0 0.478125 0.1515625 0.02265625 0.065625
0 0.39140625 0.3 0.021875 0.08671875
0 0.428125 0.33828125 0.03984375 0.02890625
0 0.496875 0.2765625 0.0296875 0.11171875
0 0.509375 0.3765625 0.0265625 0.08125
0 0.440625 0.49296875 0.02890625 0.05
0 0.47421875 0.53828125 0.015625 0.03203125
0 0.49921875 0.48671875 0.02421875 0.053125
0 0.584375 0.46875 0.0171875 0.109375
0 0.54453125 0.58671875 0.02109375 0.0859375
0 0.5828125 0.60703125 0.02265625 0.0484375
0 0.62109375 0.58671875 0.03203125 0.02734375
0 0.60859375 0.67265625 0.01640625 0.0390625
0 0.825 0.52734375 0.0125 0.075
0 0.83671875 0.484375 0.01171875 0.05703125
0 0.84609375 0.46328125 0.0109375 0.0609375
0 0.85703125 0.44375 0.01015625 0.05546875
0 0.65078125 0.584375 0.0171875 0.04609375
0 0.66875 0.6328125 0.0203125 0.09609375
0 0.40859375 0.090625 0.01328125 0.02578125