0 0.35016835 0.4873737359375 0.35016835 0.2474747484375 0.2643097640625 0.290404040625 0.26767676875 0.5378787890625001 0.35016835 0.4873737359375
0 0.26767676875 0.7979797984375 0.353535353125 0.7550505046875 0.3484848484375 0.59343434375 0.22222222343750003 0.633838384375 0.26767676875 0.7979797984375
0 0.3888888890625 1 0.48148148125 0.9772727265625001 0.47979797968750004 0.6212121203125001 0.4040404046875 0.6515151515625 0.3888888890625 1
0 0.9410774406250001 0.49747474843750006 0.9326599328125 0.00757575625 0.8838383828125 0.090909090625 0.8922558921875 0.525252525 0.9410774406250001 0.49747474843750006
0 0.696969696875 0.18181818125 0.71885521875 0.3131313140625 0.8518518515625001 0.1767676765625 0.846801346875 0.0732323234375 0.752525253125 0.13888888906250002 0.696969696875 0.18181818125
0 0.865319865625 0.99242424375 0.8670033671875 0.5681818187500001 0.8383838375 0.58080808125 0.7996633 1 0.865319865625 0.99242424375
0 0.878787878125 0.6893939390625 0.8552188546874999 0.8232323234375001 0.8888888890625 0.8888888890625 0.9393939390625 0.7626262640625 0.91750841875 0.6111111109375 0.878787878125 0.6893939390625
0 0.715488215625 0.8156565656250001 0.6481481484375 0.99242424375 0.7424242421875 1 0.715488215625 0.8156565656250001
0 0.58249158125 0.3484848484375 0.6279461265624999 0.3535353546875 0.64983165 0.27272727343750003 0.6447811453125001 0.1792929296875 0.6195286203125 0.16666666562500002 0.58249158125 0.3484848484375
0 0.6801346796875001 0.0631313140625 0.6430976421875 0.10101009999999999 0.6700336703125 0.4368686859375 0.7121212124999999 0.4393939390625 0.6801346796875001 0.0631313140625
0 0.63131313125 0 0.61784511875 0.0883838390625 0.7070707078125 0.10101009999999999 0.685185184375 0 0.63131313125 0
0 0.4949494953125 0 0.525252525 0.383838384375 0.5572390578124999 0.3207070703125 0.521885521875 0 0.4949494953125 0
0 0.47979797968750004 0 0.42087542187500004 0.0025252515624999998 0.4461279453125 0.1111111109375 0.48316498281250003 0.141414140625 0.47979797968750004 0
0 0.614478115625 0.8383838390625 0.6228956234374999 0.93181818125 0.8080808078124999 0.7196969703125 0.7861952859375 0.6262626265625 0.614478115625 0.8383838390625