0 0.278125 0.42890625 0.059375 0.04453125
0 0.3375 0.46640625 0.028125 0.04921875
0 0.246875 0.67265625 0.06328125 0.02578125
0 0.28984375 0.66171875 0.0171875 0.02421875
0 0.359375 0.6875 0.0171875 0.0390625
0 0.36015625 0.63828125 0.028125 0.02421875
0 0.44375 0.58125 0.02890625 0.021875
0 0.44765625 0.5625 0.04140625 0.01484375
0 0.46484375 0.6 0.04609375 0.01953125
0 0.54453125 0.18125 0.03125 0.03671875
0 0.61171875 0.33125 0.03828125 0.0703125
0 0.5109375 0.36953125 0.03125 0.05
0 0.58125 0.45234375 0.040625 0.0484375
0 0.653125 0.4203125 0.0484375 0.04375
0 0.79140625 0.2828125 0.05390625 0.0546875
0 0.7109375 0.43125 0.03671875 0.0375
0 0.959375 0.19609375 0.03828125 0.046875
0 0.77265625 0.4015625 0.028125 0.03359375
0 0.59296875 0.53046875 0.0359375 0.03671875
0 0.5440667734375 0.19529395 0.47709565937500004 0.145850471875 0.4720530796875 0.17270852187500002 0.5401272953125 0.223547365625 0.5440667734375 0.19529395