0 0.85390625 0.46875 0.04765625 0.05703125
0 0.70859375 0.4328125 0.2265625 0.05
0 0.76796875 0.58828125 0.08515625 0.1296875
0 0.59765625 0.7109375 0.05078125 0.09296875
0 0.8234375 0.19453125 0.02734375 0.0984375
0 0.7359375 0.26796875 0.19609375 0.025
0 0.9269154703125 0.4042766125 0.8836370718750001 0.270845978125 0.8610916078124999 0.2760989015625 0.9013017234375 0.41604990624999993 0.9269154703125 0.4042766125
0 0.89921875 0.28203125 0.01953125 0.1296875
0 0.72890625 0.3765625 0.06953125 0.0609375
0 0.759101271875 0.3441020125 0.8801041406250001 0.2590726859375 0.8712718140625 0.22636909843750003 0.7467360140625 0.3113984265625 0.759101271875 0.3441020125
0 0.771466528125 0.4749163625 0.8324095796875 0.31532285781249997 0.8116356250000001 0.3085426484375 0.7476192484374999 0.45660235312499997 0.771466528125 0.4749163625
0 0.5842212140624999 0.1596537796875 0.631915775 0.06546744843749999 0.6145182015625 0.0437598109375 0.5586074671875 0.12956647968749999 0.5842212140624999 0.1596537796875
0 0.601885865625 0.0693918796875 0.5815715140625 0.0026765609375 0.5608231328125 0.0039900578125 0.5771553515625001 0.0850896 0.601885865625 0.0693918796875
0 0.6186672843750001 0.12695019375 0.7679335984375 0.170118928125 0.77323299375 0.1282583359375 0.6244093984375 0.07515698750000001 0.6186672843750001 0.12695019375
0 0.5974697015625 0.21328766406250002 0.6504636609375 0.15442120625 0.6272354546875001 0.13271847187500002 0.5833379812499999 0.175351503125 0.5974697015625 0.21328766406250002
0 0.5640625 0.2171875 0.03359375 0.09609375