0 0.5171875 0.24609375 0.02421875 0.04609375
0 0.5484375 0.1859375 0.03984375 0.021875
0 0.5765625 0.2890625 0.02265625 0.078125
0 0.63828125 0.24140625 0.03984375 0.02890625
0 0.7078125 0.334375 0.0359375 0.06328125
0 0.74921875 0.64375 0.03984375 0.05234375
0 0.76953125 0.7578125 0.0140625 0.075
0 0.76328125 0.70625 0.01484375 0.059375
0 0.80652130625 0.9950186234375 0.7842724421875 0.933216225 0.7750020828124999 0.94434065625 0.793542803125 0.99749071875 0.80652130625 0.9950186234375
0 0.8296432515625 0.9934029000000001 0.798192721875 0.9124268265625 0.77975620625 0.9268868390625 0.8122912359375001 1 0.8296432515625 0.9934029000000001
0 0.6146248578125 0.86770568125 0.61555189375 0.9604092796874999 0.6313115046875 0.9616453265624999 0.6276033609375 0.8701777765625 0.6146248578125 0.86770568125
0 0.6693199812499999 0.90602316875 0.626676325 0.8355684328124999 0.6164789296875 0.84545681875 0.6600496203125 0.9196196953125 0.6693199812499999 0.90602316875