0 0.44834987656249997 0.8393367671874999 0.4561631734375 0.6791893421874999 0.44671020468749995 0.6758463546875 0.43565326875 0.840638778125 0.44834987656249997 0.8393367671874999
0 0.29306060624999997 1 0.3145471734375 0.955215796875 0.3047805515625 0.9343836109374999 0.280364 0.9903701078125 0.29306060624999997 1
0 0.3625 0.69453125 0.0359375 0.03125
0 0.4203125 0.61328125 0.021875 0.04609375
0 0.42421875 0.6984375 0.02109375 0.0625
0 0.387281684375 0.6179117328125 0.4041825015625 0.5677000515625 0.39815772968749996 0.562820284375 0.38197000000000003 0.6082556390625 0.387281684375 0.6179117328125
0 0.38293576093750004 0.606324421875 0.39742217343749997 0.5599751765625001 0.39043243125 0.5561250234374999 0.3781069546875 0.5992432859375 0.38293576093750004 0.606324421875
0 0.3631376609375 0.6159805140625 0.37182950937500003 0.47628904062500005 0.36146255625 0.477326965625 0.3500998875 0.6172679921875 0.3631376609375 0.6159805140625
0 0.37376103125000004 0.5722062265625001 0.379555596875 0.4910950484375 0.37038086875 0.48980757031250005 0.3631376609375 0.5689875296875 0.37376103125000004 0.5722062265625001
0 0.302294721875 0.7118977015625 0.30760640625 0.5760686640625 0.29695630156249997 0.57466574375 0.290222709375 0.712541440625 0.302294721875 0.7118977015625
0 0.3042262421875 0.7601781640625 0.32305858125000003 0.6410863546875001 0.3108618421875 0.6359531234375 0.2926371125 0.7550282484374999 0.3042262421875 0.7601781640625
0 0.343822440625 0.47049538437500005 0.360240378125 0.4151337875 0.35219219687500003 0.41191942656249997 0.3375449953125 0.4647017296875 0.343822440625 0.47049538437500005
0 0.3274045046875 0.3797281140625 0.2989145578125 0.528431940625 0.30953792812500003 0.5406629921875 0.33635533125 0.3861684265625 0.3274045046875 0.3797281140625
0 0.31967841875 0.43508971093750004 0.3191955375 0.3713595 0.3066406453125 0.380371853125 0.310020809375 0.44152710781250004 0.31967841875 0.43508971093750004
0 0.182057484375 0.22016235 0.1883349296875 0.1454885671875 0.181849334375 0.14420173593750002 0.1709512328125 0.2175873921875 0.182057484375 0.22016235
0 0.20861590937500002 0.2175873921875 0.189300690625 0.1250251609375 0.1806088421875 0.12438142031249999 0.1955781359375 0.22273730781249998 0.20861590937500002 0.2175873921875
0 0.21344471406249999 0.1855366734375 0.19992406093749998 0.1121503703125 0.19150595937499998 0.11447478124999999 0.204752865625 0.18746789218749998 0.21344471406249999 0.1855366734375
0 0.21296183281249997 0.27179776875 0.23131129218750002 0.202917640625 0.22472474843749998 0.198938059375 0.2057186265625 0.264716634375 0.21296183281249997 0.27179776875
0 0.2573868375 0.3181470140625 0.2366229765625 0.2202986078125 0.22974619375 0.2241740390625 0.24917786875 0.32522814843750003 0.2573868375 0.3181470140625
0 0.2892569484375 0.35805886249999996 0.2559381953125 0.2621416765625 0.2462805859375 0.2692228109375 0.2800822203125 0.3664274765625 0.2892569484375 0.35805886249999996
0 0.22310232343749997 0.2846725578125 0.2346914546875 0.2505543640625 0.227428603125 0.23498945937500001 0.214410475 0.26986655000000004 0.22310232343749997 0.2846725578125
0 0.27670205625 0.3979707125 0.276219175 0.3696461734375 0.25352379375 0.369002434375 0.2564210765625 0.4005456703125 0.27670205625 0.3979707125
0 0.2853939046875 0.4192141171875 0.2993974390625 0.3387466765625 0.28845847343750003 0.3374784375 0.2738047734375 0.4127767203125 0.2853939046875 0.4192141171875
0 0.29601727499999997 0.40891428437500005 0.297465915625 0.3451840734375 0.293602871875 0.3484027703125 0.2897398296875 0.40762680468749996 0.29601727499999997 0.40891428437500005
0 0.29375 0.2984375 0.02265625 0.04921875