0 0.5671875 0.678125 0.01796875 0.021875
0 0.59765625 0.740625 0.0328125 0.03828125
0 0.5390625 0.85 0.02734375 0.02265625
0 0.5625 0.8546875 0.01015625 0.021875
0 0.58984375 0.84765625 0.028125 0.0390625
0 0.6109375 0.821875 0.01640625 0.03828125
0 0.61875 0.7984375 0.0125 0.0390625
0 0.584375 0.79140625 0.03671875 0.03203125
0 0.51328125 0.796875 0.009375 0.06328125
0 0.56015625 0.62734375 0.02734375 0.03515625
0 0.54609375 0.56796875 0.01484375 0.0234375
0 0.53515625 0.55 0.0265625 0.0171875
0 0.446875 0.80390625 0.0140625 0.02265625
0 0.42265625 0.865625 0.0234375 0.02265625
0 0.2859375 0.79296875 0.0140625 0.03046875
0 0.31328125 0.76484375 0.01484375 0.04140625
0 0.30390625 0.81640625 0.01328125 0.03046875
0 0.346875 0.85546875 0.0359375 0.02421875
0 0.3484375 0.92109375 0.0265625 0.01171875
0 0.35625 0.89453125 0.025 0.02109375
0 0.3515625 0.9359375 0.0234375 0.01796875
0 0.421875 0.97578125 0.01015625 0.03515625
0 0.44765625 0.97109375 0.0265625 0.01171875
0 0.4515625 0.946875 0.03359375 0.0140625
0 0.39453125 0.9828125 0.02421875 0.03125
0 0.3671875 0.9734375 0.01796875 0.02109375
0 0.3875 0.9546875 0.01953125 0.0296875
0 0.40546875 0.92734375 0.03359375 0.015625
0 0.3890625 0.903125 0.0109375 0.02734375
0 0.343147228125 0.7131976765625 0.3590853484375 0.692601096875 0.3576364296875 0.6848773796875001 0.3395759171875 0.70393949375 0.343147228125 0.7131976765625
0 0.3453206078125 0.74409254375 0.368503328125 0.68230280625 0.3619831890625 0.674579090625 0.3349384 0.7389566203125 0.3453206078125 0.74409254375
0 0.30257746874999997 0.7646891234375001 0.27794582968750003 0.73379425625 0.2711725265625 0.7420463671875 0.29895516875 0.7775619859375 0.30257746874999997 0.7646891234375001
0 0.3040263890625 0.7827111296875 0.2685278484375 0.74409254375 0.26595531875 0.7523455203125 0.29895516875 0.7930094203125 0.3040263890625 0.7827111296875