0 0.609375 0.70390625 0.0625 0.02265625
0 0.834375 0.68046875 0.04453125 0.03046875
0 0.525 0.4703125 0.03203125 0.02109375
0 0.1546875 0.7140625 0.04453125 0.0203125
0 0.16484375 0.68828125 0.03671875 0.015625
0 0.1625 0.67109375 0.0265625 0.01171875
0 0.16953125 0.65625 0.0375 0.015625
0 0.346875 0.9609375 0.03203125 0.03046875
0 0.45546875 0.98125 0.06640625 0.03515625
0 0.53515625 0.82578125 0.053125 0.03125
0 0.9140625 0.98984375 0.02734375 0.0203125
0 0.29609375 0.9140625 0.04609375 0.01875
0 0.321875 0.92421875 0.01953125 0.02265625