0 0.7514154390625001 0.7660750546874999 0.7913529703125 0.6508561187499999 0.7728479125 0.6357162609375 0.736054853125 0.7522487828125 0.7514154390625001 0.7660750546874999
0 0.34609375 0.50859375 0.0296875 0.05859375
0 0.40119402812500005 0.5794203812500001 0.3904416171875 0.406591978125 0.3674007328125 0.41580949375 0.3858334390625 0.581724759375 0.40119402812500005 0.5794203812500001
0 0.4134824984375 0.60246416875 0.41655461718750003 0.42963576562499994 0.39965796875000004 0.434244521875 0.398121909375 0.60246416875 0.4134824984375 0.60246416875
0 0.4395954984375 0.11854464218750001 0.48874938125 0.0056300859374999995 0.468029821875 0 0.4180906734375 0.102413990625 0.4395954984375 0.11854464218750001
0 0.379689203125 0.102413990625 0.4442036734375 0.0194563578125 0.42746934999999997 0.0088726046875 0.3674007328125 0.0839789625 0.379689203125 0.102413990625
0 0.6171875 0.1609375 0.02265625 0.0859375
0 0.64375 0.0859375 0.05859375 0.04296875
0 0.56484375 0.290625 0.04140625 0.1125
0 0.58671875 0.496875 0.015625 0.1140625
0 0.4484375 0.28515625 0.0734375 0.07265625
0 0.41875 0.21953125 0.04140625 0.05625
0 0.36484375 0.15 0.04765625 0.0625
0 0.48046875 0.75234375 0.03203125 0.07421875
0 0.53671875 0.7265625 0.03984375 0.06015625
0 0.56171875 0.74140625 0.02109375 0.06328125
0 0.5625 0.67265625 0.03359375 0.0484375
0 0.30078125 0.88984375 0.0109375 0.10703125
0 0.33203125 0.91953125 0.034375 0.05234375
0 0.3921875 0.83359375 0.0578125 0.03046875
0 0.4671875 0.809375 0.05546875 0.0375
0 0.44765625 0.7234375 0.02734375 0.10859375
0 0.47421875 0.6890625 0.0265625 0.04375
0 0.27734375 0.85078125 0.0265625 0.08828125
0 0.29140625 0.7984375 0.053125 0.04140625
0 0.2984375 0.33828125 0.03359375 0.03515625
0 0.3484375 0.290625 0.03203125 0.05625
0 0.47890625 0.35546875 0.04765625 0.125
0 0.36432861562499996 0.8029451125 0.431915203125 0.7430312671875 0.422552928125 0.727899153125 0.3520401453125 0.784510084375 0.36432861562499996 0.8029451125
0 0.2921875 0.7390625 0.02109375 0.04453125
0 0.372008909375 0.75916191875 0.312102615625 0.6854218015625 0.2875256734375 0.7176831015625 0.3520401453125 0.784510084375 0.372008909375 0.75916191875
0 0.2644847921875 0.7775969484374999 0.29366990937500004 0.6738999078125001 0.27506030312499996 0.6689021015625001 0.25219632187499996 0.768379434375 0.2644847921875 0.7775969484374999
0 0.3167107921875 0.683117421875 0.25373238124999997 0.5794203812500001 0.2399078515625 0.5955510312500001 0.304422321875 0.6946393140625 0.3167107921875 0.683117421875
0 0.26909296875 0.6093773031249999 0.3259271453125 0.5448547015625 0.31517473281249997 0.5195065359375 0.25834055624999996 0.590942275 0.26909296875 0.6093773031249999
0 0.3597204390625 0.41350511562500003 0.27984538125 0.3881569484375 0.273831196875 0.4144773234375 0.353576203125 0.44346203749999996 0.3597204390625 0.41350511562500003
0 0.3243910859375 0.434244521875 0.2721650859375 0.418113871875 0.27014388125 0.4402885328125 0.3182468515625 0.461897065625 0.3243910859375 0.434244521875
0 0.330535321875 0.38585257031250003 0.28906173281249997 0.3651131609375 0.282434934375 0.3831351390625 0.3259271453125 0.401983221875 0.330535321875 0.38585257031250003
0 0.3182468515625 0.242981090625 0.356648321875 0.270633634375 0.3658646734375 0.242981090625 0.32299540625 0.2208932515625 0.3182468515625 0.242981090625