0 0.348806615625 0 0.4027300875 0.1461971859375 0.4180906734375 0.136979671875 0.37354496875 0 0.348806615625 0
0 0.5117902625 0.1277621578125 0.5885932046875 0.047108903125000004 0.5809129093750001 0.0217607375 0.4987574515625 0.089993546875 0.5117902625 0.1277621578125
0 0.5440474984375 0.1461971859375 0.591665321875 0.10471836875 0.5839850281250001 0.070152690625 0.5356306078124999 0.11580475625 0.5440474984375 0.1461971859375
0 0.53022296875 0.056326418749999996 0.574768675 0.0217607375 0.5686244390625 0 0.5233395562500001 0.027309181249999998 0.53022296875 0.056326418749999996
0 0.45234375 0.2546875 0.02578125 0.24765625
0 0.4765625 0.21796875 0.01875 0.2625
0 0.515625 0.228125 0.02890625 0.08046875
0 0.28515625 0.025 0.0265625 0.04921875
0 0.2734375 0.2796875 0.02421875 0.16171875
0 0.309375 0.65703125 0.0265625 0.10859375
0 0.30546875 0.5515625 0.0296875 0.06484375
0 0.39375 0.534375 0.025 0.0671875
0 0.3359375 0.62109375 0.0453125 0.0734375
0 0.4046875 0.71640625 0.053125 0.0625
0 0.390625 0.6390625 0.02734375 0.10234375
0 0.42734375 0.58046875 0.025 0.1734375
0 0.4828125 0.73203125 0.0640625 0.04921875
0 0.55 0.84609375 0.03046875 0.05625
0 0.575 0.77734375 0.01171875 0.11015625
0 0.59765625 0.7328125 0.02421875 0.1125
0 0.58046875 0.64375 0.05234375 0.07890625
0 0.5210066171875 0.643942984375 0.5701604984374999 0.5563765921875 0.5688164484375 0.5029728984374999 0.496429675 0.6093773031249999 0.5210066171875 0.643942984375
0 0.5796875 0.55703125 0.01953125 0.06328125
0 0.6 0.51875 0.0328125 0.153125
0 0.10859375 0.6421875 0.0453125 0.16484375
0 0.565552321875 0.5033758828125 0.6239225578125 0.3305474828125 0.6093769203125 0.2854212765625 0.5471196171875 0.4872452328125 0.565552321875 0.5033758828125
0 0.6054898515625 0.305199315625 0.5532638515625 0.23145919843749999 0.5356306078124999 0.2725156703125 0.5870571453125 0.3489825109375 0.6054898515625 0.305199315625
0 0.524078734375 0.6462473625 0.44266761718750003 0.581724759375 0.43484398124999996 0.6117487109375 0.5163984390625 0.683117421875 0.524078734375 0.6462473625