0 0.49609375 0.67578125 0.05390625 0.17578125
0 0.68984375 0.76953125 0.05859375 0.16015625
0 0.93984375 0.53203125 0.08984375 0.3734375
0 0.7874561 0.6540849921875 0.92549100625 0.2924590828125 0.89250153125 0.2418033125 0.7483896171875 0.61187185 0.7874561 0.6540849921875
0 0.8256544390625 0.43316955156250003 0.8108959890625 0.1883333328125 0.7648843546874999 0.1981830671875 0.7822472359375 0.48382532187500005 0.8256544390625 0.43316955156250003
0 0.666784075 0.6442352578125 0.7318948796875 0.158784134375 0.681797959375 0.1438843859375 0.6207724390625 0.6245357921875 0.666784075 0.6442352578125
0 0.46190207499999997 0.3937706203125 0.431517034375 0 0.369297959375 0.006543396875 0.41589044062499997 0.44301928593750006 0.46190207499999997 0.3937706203125
0 0.591255540625 0.48382532187500005 0.6719929390625 0.0659152234375 0.6158257375 0.0290583140625 0.5417713296875 0.4542761234375 0.591255540625 0.48382532187500005
0 0.5174632953125 0.39799193593750004 0.51399071875 0.0025955125 0.470583515625 0.0025955125 0.468847228125 0.3993990390625 0.5174632953125 0.39799193593750004
0 0.52701288125 0.19255464687499999 0.5582660671874999 0.0040026171875 0.5290201828125001 0 0.5079137109375 0.113756784375 0.52701288125 0.19255464687499999
0 0.262228940625 0.5949865937500001 0.401131990625 0.350150375 0.37624240468750003 0.269967915625 0.24312977187499998 0.541516615625 0.262228940625 0.5949865937500001