0 0.39349339375 0.097544884375 0.4201433984375 0.017421093749999998 0.4120084390625 0.00193643125 0.38137975625 0.085526315625 0.39349339375 0.097544884375
0 0.37491914843749996 0 0.39995400000000003 0.10288646875 0.40560703125 0.0962094890625 0.38461005937500004 0 0.37491914843749996 0
0 0.352307025 0 0.361997934375 0.061489178125 0.374111571875 0.054812196875 0.361997934375 0 0.352307025 0
0 0.3313100515625 0.2270783421875 0.3078903515625 0.1643147078125 0.30348130625 0.175013353125 0.327272171875 0.2350907234375 0.3313100515625 0.2270783421875
0 0.3234375 0.18046875 0.021875 0.0390625
0 0.3191964125 0.12024662500000001 0.307357275 0.14403044843749999 0.327272171875 0.15229614062500002 0.34584641718750003 0.19235803437500001 0.35715247968749997 0.17499788125 0.3393858109375 0.140277571875 0.3191964125 0.12024662500000001
0 0.34746156875 0.12558820937499998 0.321619140625 0.09086790156249999 0.312525234375 0.10877403906250001 0.34019338593750004 0.1456191578125 0.34746156875 0.12558820937499998
0 0.3652282390625 0.2804942015625 0.3353479296875 0.19235803437500001 0.32404186875 0.204376603125 0.3514994484375 0.296518959375 0.3652282390625 0.2804942015625
0 0.27801004375 0.3606179921875 0.31515853437499997 0.43005860937499996 0.326464596875 0.41403385156250005 0.283663075 0.3472640265625 0.27801004375 0.3606179921875
0 0.37265625 0.31640625 0.01953125 0.0296875
0 0.33984375 0.33828125 0.025 0.1015625
0 0.3421875 0.4421875 0.01796875 0.090625
0 0.278125 0.40234375 0.02734375 0.07421875
0 0.3125 0.546875 0.0328125 0.07578125
0 0.2765625 0.56328125 0.03359375 0.02421875