0 0.6640625 0.14921875 0.19921875 0.05625
0 0.51171875 0.175 0.10703125 0.0921875
0 0.7671875 0.23671875 0.22265625 0.0515625
0 0.5703125 0.33515625 0.0890625 0.059375
0 0.98125 0.62734375 0.0359375 0.128125
0 0.78671875 0.65859375 0.0359375 0.1484375
0 0.5703125 0.57109375 0.1953125 0.0421875
0 0.575 0.45625 0.184375 0.10625
0 0.38828125 0.1921875 0.05234375 0.0671875
0 0.37578125 0.2625 0.090625 0.0671875
0 0.1530088359375 0.26014529999999997 0.26621110468750003 0.41683868906250005 0.28760366249999997 0.3873749734375 0.17025958125 0.244093540625 0.1530088359375 0.26014529999999997
0 0.17796681406249998 0.2400564046875 0.244818553125 0.336483103125 0.26799381875 0.31237642656250003 0.20114208437499997 0.22666380312499998 0.17796681406249998 0.2400564046875
0 0.2421875 0.2234375 0.0578125 0.02734375
0 0.20859375 0.4671875 0.071875 0.06015625
0 0.0671875 0.4265625 0.134375 0.065625
0 0.00625 0.5421875 0.0125 0.09375
0 0.1120064359375 0.2708593765625 0.1752927453125 0.375321634375 0.1993593703125 0.3485364421875 0.13460895625 0.25695114218750004 0.1120064359375 0.2708593765625
0 0.25640618593750003 0.6753158140625 0.400805934375 0.5306757656250001 0.378522021875 0.491837234375 0.245125890625 0.6469650703125 0.25640618593750003 0.6753158140625
0 0.2608629671875 0.6271024640625 0.3678257453125 0.43960610312500004 0.33484555625 0.41282090781249997 0.23229166562499998 0.6051778640625 0.2608629671875 0.6271024640625
0 0.0032609484375 0.6753158140625 0.0415892765625 0.7543321421875 0.061199115625 0.736921765625 0.006826375 0.6512091421874999 0.0032609484375 0.6753158140625
0 0.014848581250000001 0.7824565953125 0.20114208437499997 0.8601336609375 0.205598865625 0.8226343875 0.020526959375 0.745540021875 0.014848581250000001 0.7824565953125
0 0.0023695890625 0.8373662453125 0.09952744687500001 0.9324536828125 0.11735457499999999 0.8962936718750001 0.006826375 0.789152896875 0.0023695890625 0.8373662453125
0 0.23679634218749998 0.97664925625 0.1788581703125 0.8962936718750001 0.1619224 0.9177218312500001 0.2189692140625 1 0.23679634218749998 0.97664925625
0 0.250166690625 0.9337929453125 0.268885175 0.7851351140625 0.23371769062499997 0.7808984265625 0.2180778578125 0.9270966453125 0.250166690625 0.9337929453125
0 0.3000826515625 0.9887025953125 0.29384315625 0.8855795953125 0.262951203125 0.8848307109375 0.2644283921875 0.9860240765625001 0.3000826515625 0.9887025953125
0 0.31796875 0.87421875 0.06953125 0.06640625
0 0.6387981125 0.9525425796875 0.7368473234375 0.8561158796875 0.724368334375 0.8279914265625001 0.6245364078125 0.9190610875 0.6387981125 0.9525425796875