0 0.5453125 0.22578125 0.0171875 0.0890625
0 0.62421875 0.65546875 0.03125 0.0484375
0 0.48515625 0.4671875 0.021875 0.1
0 0.5109375 0.55703125 0.02109375 0.07109375
0 0.30234375 0.34609375 0.01875 0.06328125
0 0.26171875 0.5578125 0.03984375 0.059375
0 0.246875 0.62109375 0.0140625 0.03515625
0 0.3234375 0.7328125 0.01640625 0.03671875
0 0.428125 0.165625 0.015625 0.10234375
0 0.39453125 0.1375 0.03203125 0.04921875
0 0.3828125 0.19140625 0.0421875 0.0453125
0 0.8181989 0.517375840625 0.849371640625 0.42610079843750004 0.833968034375 0.4121697828125 0.8071376062500001 0.509322159375 0.8181989 0.517375840625
0 0.8654607953125 0.5710670359375001 0.8996502546875 0.47308059843750006 0.887861215625 0.46156840781249997 0.849371640625 0.5576442375 0.8654607953125 0.5710670359375001
0 0.3385409234375 0.266369484375 0.31742390781249996 0.354959959375 0.330496346875 0.3630136390625 0.3506077921875 0.271738603125 0.3385409234375 0.266369484375
0 0.384797246875 0.48381884062499997 0.4049086953125 0.3979129234375 0.389148215625 0.39069211875 0.3697136640625 0.47710743750000006 0.384797246875 0.48381884062499997
0 0.3395464984375 0.5831475562499999 0.3787638140625 0.5254295156250001 0.36743006875 0.50881926875 0.330496346875 0.5643556390625 0.3395464984375 0.5831475562499999
0 0.3908306828125 0.72811379375 0.41395884531249993 0.6395233140625 0.4049086953125 0.6328119171875 0.3807749609375 0.7227446750000001 0.3908306828125 0.72811379375