0 0.4145161296875 0.149681528125 0.4145161296875 0.13694267499999999 0.39838709687499996 0.11146496875 0.40161290312500003 0.1337579625 0.4145161296875 0.149681528125
0 0.4354838703125 0.0477707 0.44032258124999996 0.0159235671875 0.4290322578125 0.0286624203125 0.4290322578125 0.0477707 0.4354838703125 0.0477707
0 0.43387096718749996 0.14331210156250002 0.4274193546875 0.20382165625 0.44032258124999996 0.15923566875 0.43387096718749996 0.14331210156250002
0 0.458064515625 0.06687898125 0.454838709375 0.1401273890625 0.45967741875 0.13694267499999999 0.458064515625 0.06687898125
0 0.4935483875 0.012738853125 0.49677419375 0.0382165609375 0.50967741875 0.0063694265625 0.4935483875 0.012738853125
0 0.3241935484375 0.25159235625 0.3258064515625 0.2802547765625 0.33064516093749996 0.2643312109375 0.3241935484375 0.25159235625
0 0.3822580640625 0.37898089218750003 0.3806451609375 0.363057325 0.361290321875 0.350318471875 0.35967741875 0.363057325 0.3822580640625 0.37898089218750003
0 0.5645161296875 0.11464968125 0.5629032265625 0.105095540625 0.554838709375 0.1082802546875 0.551612903125 0.1305732484375 0.5645161296875 0.11464968125
0 0.6306451609375 0.2197452234375 0.6306451609375 0.2452229296875 0.648387096875 0.22292993593750002 0.6306451609375 0.2197452234375
0 0.648387096875 0.127388534375 0.6354838703125 0.1656050953125 0.64677419375 0.16242038281249999 0.648387096875 0.127388534375
0 0.6725806453125001 0.11464968125 0.6774193546875 0.13694267499999999 0.691935484375 0.12420382187500001 0.6725806453125001 0.11464968125
0 0.6822580640625 0.101910828125 0.6838709671875 0.0764331203125 0.6758064515625 0.0636942671875 0.6725806453125001 0.0828025484375 0.6822580640625 0.101910828125
0 0.7209677421875 0.1847133765625 0.7209677421875 0.171974521875 0.7129032265624999 0.1656050953125 0.7080645156250001 0.1974522296875 0.7209677421875 0.1847133765625
0 0.811290321875 0.2898089171875 0.8145161296874999 0.2579617828125 0.798387096875 0.27388534999999997 0.798387096875 0.283439490625 0.811290321875 0.2898089171875
0 0.6935483875 0.3121019109375 0.6935483875 0.328025478125 0.7193548390625 0.31528662343749997 0.6935483875 0.3121019109375
0 0.6322580640625 0.363057325 0.6306451609375 0.33757961718749996 0.6225806453125 0.3471337578125 0.6241935484375001 0.3662420375 0.6322580640625 0.363057325
0 0.64677419375 0.353503184375 0.638709678125 0.308917196875 0.6306451609375 0.308917196875 0.6290322578125 0.33757961718749996 0.64677419375 0.353503184375
0 0.7274193546875 0.375796178125 0.7322580640624999 0.34076433125 0.7193548390625 0.34076433125 0.7193548390625 0.3662420375 0.7274193546875 0.375796178125
0 0.6322580640625 0.5095541406249999 0.641935484375 0.4713375796875 0.6338709671875 0.45859872656249995 0.6290322578125 0.468152865625 0.6322580640625 0.5095541406249999
0 0.5661290328125 0.410828025 0.5629032265625 0.38853503125 0.554838709375 0.38853503125 0.5532258062500001 0.41401273906249997 0.5661290328125 0.410828025
0 0.7306451609375 0.61464968125 0.7322580640624999 0.5955414015625 0.711290321875 0.5732484078125 0.7080645156250001 0.5828025484375 0.7306451609375 0.61464968125
0 0.7209677421875 0.5477706999999999 0.7290322578125 0.5031847140625 0.711290321875 0.52229299375 0.711290321875 0.5445859875 0.7209677421875 0.5477706999999999
0 0.6709677421875 0.4267515921875 0.6806451609375 0.4968152859375 0.6758064515625 0.42993630625 0.6709677421875 0.4267515921875
0 0.6838709671875 0.42038216562499997 0.6838709671875 0.47452229375000005 0.691935484375 0.410828025 0.6838709671875 0.42038216562499997
0 0.5145161296875 0.38535031875 0.5177419359375001 0.33757961718749996 0.50967741875 0.33757961718749996 0.50967741875 0.37898089218750003 0.5145161296875 0.38535031875
0 0.3709677421875 0.490445859375 0.37580645156250003 0.4713375796875 0.36612903281250003 0.44585987187500004 0.3645161296875 0.487261146875 0.3709677421875 0.490445859375
0 0.4064516125 0.45222930000000006 0.40967741875 0.43312101875 0.39838709687499996 0.42993630625 0.395161290625 0.44585987187500004 0.4064516125 0.45222930000000006
0 0.43387096718749996 0.6560509546875 0.4274193546875 0.6783439484375 0.43064516093750005 0.7006369421875001 0.43870967812500006 0.6401273890625 0.4290322578125 0.636942675 0.43387096718749996 0.6560509546875
0 0.4290322578125 0.6178343953125001 0.44193548437499997 0.5859872609375001 0.4241935484375 0.5923566874999999 0.4225806453125 0.6082802546875 0.4290322578125 0.6178343953125001
0 0.4225806453125 0.5477706999999999 0.4274193546875 0.56687898125 0.44032258124999996 0.5286624203125 0.43870967812500006 0.5159235671875 0.43225806406249995 0.52229299375 0.4225806453125 0.5477706999999999
0 0.43064516093750005 0.5063694265625001 0.4354838703125 0.4840764328125 0.4241935484375 0.46496815312499995 0.4225806453125 0.487261146875 0.43064516093750005 0.5063694265625001
0 0.4564516125 0.45222930000000006 0.454838709375 0.43630573281249996 0.44354838750000003 0.43949044531250003 0.44354838750000003 0.45222930000000006 0.4564516125 0.45222930000000006
0 0.4629032265625 0.47770700625 0.4693548390625 0.557324840625 0.4693548390625 0.4968152859375 0.4629032265625 0.47770700625
0 0.50322580625 0.45222930000000006 0.5 0.43630573281249996 0.491935484375 0.44585987187500004 0.4870967734375 0.47770700625 0.50322580625 0.45222930000000006
0 0.3370967734375 0.605095540625 0.3370967734375 0.624203821875 0.3435483875 0.605095540625 0.35322580625 0.6082802546875 0.35322580625 0.5828025484375 0.3435483875 0.5828025484375 0.3370967734375 0.605095540625
0 0.598387096875 0.6815286625 0.598387096875 0.6656050953125 0.5774193546874999 0.627388534375 0.5741935484375 0.6337579625 0.598387096875 0.6815286625
0 0.6161290328125 0.6560509546875 0.6322580640625 0.649681528125 0.638709678125 0.6178343953125001 0.6338709671875 0.61146496875 0.6193548390625 0.6337579625 0.6161290328125 0.6560509546875
0 0.658064515625 0.6337579625 0.6612903218749999 0.589171975 0.654838709375 0.5859872609375001 0.65322580625 0.6337579625 0.658064515625 0.6337579625
0 0.6822580640625 0.6815286625 0.6822580640625 0.6305732484375 0.6709677421875 0.6210191078125 0.6774193546875 0.6815286625 0.6822580640625 0.6815286625
0 0.6161290328125 0.79299363125 0.6209677421875 0.79299363125 0.645161290625 0.7770700640625 0.645161290625 0.761146496875 0.6177419359375 0.7770700640625 0.6161290328125 0.79299363125
0 0.65 0.8662420375 0.65322580625 0.79299363125 0.645161290625 0.7802547765625001 0.6435483875 0.8566878984375 0.65 0.8662420375
0 0.5903225812499999 0.7961783437500001 0.5870967734375 0.7579617828125 0.5806451609375001 0.783439490625 0.5838709671875 0.808917196875 0.5903225812499999 0.7961783437500001
0 0.5419354843749999 0.9617834390625 0.548387096875 0.97452229375 0.55967741875 0.9363057328125001 0.548387096875 0.9267515921875 0.5435483875 0.942675159375 0.5419354843749999 0.9617834390625
0 0.5693548390625 0.8662420375 0.5677419359375 0.8853503187499999 0.5774193546874999 0.9012738859375 0.5693548390625 0.8662420375
0 0.47419354843750006 0.9076433125 0.47419354843750006 0.920382165625 0.498387096875 0.9554140125 0.498387096875 0.93312101875 0.48225806406249994 0.9076433125 0.47419354843750006 0.9076433125
0 0.46877981718750006 0.7788224390625 0.47015655624999997 0.721735978125 0.45432405156250005 0.748920009375 0.45707753125000006 0.795132859375 0.46877981718750006 0.7788224390625
0 0.48064516093750004 0.7229299359375 0.48064516093750004 0.808917196875 0.4854838703125 0.8216560515625 0.48064516093750004 0.7229299359375
0 0.49677419375 0.6751592359374999 0.49516129062500003 0.691082803125 0.5129032265625 0.7133757968750001 0.49677419375 0.6751592359374999
0 0.3806451609375 0.7547770703125 0.3806451609375 0.7420382171875 0.361290321875 0.7133757968750001 0.3564516125 0.7197452234374999 0.3806451609375 0.7547770703125
0 0.40322580625000004 0.7579617828125 0.40322580625000004 0.7420382171875 0.388709678125 0.716560509375 0.3854838703125 0.7324840765625 0.40322580625000004 0.7579617828125
0 0.4290322578125 0.7229299359375 0.43064516093750005 0.7420382171875 0.4145161296875 0.7579617828125 0.4145161296875 0.7770700640625 0.4354838703125 0.74840764375 0.4354838703125 0.72611465 0.4290322578125 0.7229299359375
0 0.7629032265625 0.77388535 0.7629032265625 0.7292993625 0.7516129031250001 0.7229299359375 0.75 0.738853503125 0.7629032265625 0.77388535
0 0.7854838703125 0.738853503125 0.7854838703125 0.7038216562499999 0.7790322578125 0.7038216562499999 0.7790322578125 0.7579617828125 0.7854838703125 0.738853503125
0 0.80967741875 0.7006369421875001 0.8177419359375 0.7197452234374999 0.8145161296874999 0.6847133765625 0.8209677421875 0.6337579625 0.80967741875 0.6528662421875 0.80967741875 0.7006369421875001
0 0.8290322578125 0.7133757968750001 0.8274193546875 0.7292993625 0.8370967734375 0.7452229296875 0.8564516125000001 0.7324840765625 0.8564516125000001 0.7229299359375 0.845161290625 0.7292993625 0.8290322578125 0.7133757968750001
0 0.7 0.9808917203125 0.7032258062500001 0.9617834390625 0.6887096781250001 0.9044585984375001 0.6887096781250001 0.964968153125 0.7 0.9808917203125
0 0.745161290625 0.8439490453125 0.7354838703125 0.8343949046875 0.7306451609375 0.853503184375 0.7322580640624999 0.894904459375 0.745161290625 0.8439490453125
0 0.7483870968749999 0.964968153125 0.761290321875 0.8980891718749999 0.7564516125 0.88853503125 0.745161290625 0.9171974515624999 0.7483870968749999 0.964968153125
0 0.7645161296875 0.8121019109375001 0.7645161296875 0.8375796171875001 0.7854838703125 0.8662420375 0.7838709671874999 0.8439490453125 0.7709677421875 0.8280254781249999 0.7725806453125 0.808917196875 0.7645161296875 0.8121019109375001
0 0.3774193546875 0.9171974515624999 0.37419354843749997 0.9044585984375001 0.35967741875 0.9076433125 0.35967741875 0.93312101875 0.3774193546875 0.9171974515624999
0 0.3645161296875 0.88853503125 0.3725806453125 0.8980891718749999 0.3790322578125 0.8821656046875 0.37580645156250003 0.8471337578125 0.36612903281250003 0.8662420375 0.3645161296875 0.88853503125
0 0.404838709375 0.93312101875 0.40161290312500003 0.9140127390625 0.38709677343750004 0.9044585984375001 0.38387096718749997 0.9394904453124999 0.404838709375 0.93312101875
0 0.42580645156249997 0.9140127390625 0.4193548390625 0.910828025 0.4064516125 0.9363057328125001 0.40967741875 0.9522293 0.42580645156249997 0.9140127390625
0 0.43225806406249995 0.875796178125 0.43225806406249995 0.8662420375 0.4161290328125 0.8694267515625 0.4193548390625 0.8980891718749999 0.43225806406249995 0.875796178125
0 0.5354591375 0.421137190625 0.5348978578125 0.397863821875 0.520865909375 0.392322540625 0.520865909375 0.4322197484375 0.5354591375 0.421137190625
0 0.5292850796875 0.38234823906250004 0.5377042484375 0.392322540625 0.544439584375 0.3745904484375 0.5405106375 0.350208821875 0.53209146875 0.35685835625 0.53714296875 0.3701574265625 0.5292850796875 0.38234823906250004
0 0.3738110953125 0.663845203125 0.3710047046875 0.6505461343750001 0.3586565921875 0.6605204359375 0.3620242578125 0.68822683125 0.3738110953125 0.663845203125
0 0.396823490625 0.681577296875 0.393455821875 0.64722136875 0.38335281875 0.6394635765625 0.3771787625 0.65941218125 0.396823490625 0.681577296875
0 0.4052426578125 0.64500485625 0.41029415937499997 0.60510765 0.395700934375 0.6084324171875 0.40131371250000003 0.6317057859374999 0.39513965624999997 0.6494378796875 0.39626221093749997 0.678252528125 0.404120103125 0.67603601875 0.4052426578125 0.64500485625
0 0.5899030953125 0.9985384453125 0.614599321875 1 0.61628315625 0.964182515625 0.5943933171875 0.9697237968750001 0.5899030953125 0.9985384453125
0 0.6331214953125001 0.997430190625 0.6499598328125 1 0.6522049437499999 0.986347634375 0.6353666062500001 0.9852393765624999 0.6331214953125001 0.997430190625
0 0.530044728125 0.762512021875 0.54931908125 0.7597936203125 0.5610213671875 0.697270353125 0.5389935343750001 0.6891151437499999 0.530044728125 0.762512021875
0 0.57065854375 0.6741639265625 0.5672166953125 0.6415430921875 0.5376167953125 0.6741639265625 0.54931908125 0.6904743437499999 0.57065854375 0.6741639265625
0 0.39237077187499997 0.5708646171875 0.3737847890625 0.5667870125000001 0.3634592421875 0.6401838921875 0.39237077187499997 0.5708646171875
0 0.39237077187499997 0.5708646171875 0.367589459375 0.644261496875 0.3930591421875 0.617077465625 0.39237077187499997 0.5708646171875
0 0.4729100359375 0.6673679203125 0.4495054625 0.714939971875 0.4557007921875 0.73396879375 0.47359840468750003 0.714939971875 0.4729100359375 0.6673679203125
0 0.6966969093750001 0.8060814546874999 0.7134892828125 0.8001868921874999 0.7157282640625 0.76408269375 0.6944579265625 0.7685036171874999 0.6966969093750001 0.8060814546874999
0 0.69968221875 0.8525011375 0.712369790625 0.8561852359375001 0.7153551015625 0.8009237109375 0.69968221875 0.8127128375 0.69968221875 0.8525011375
0 0.721325721875 0.7780822796875 0.7205793953125 0.7906082265625 0.7541641421875 0.764819515625 0.7407302437500001 0.7493462859375 0.721325721875 0.7780822796875
0 0.72393786875 0.7736613593749999 0.7347596203125 0.763345871875 0.738118096875 0.7346098828125001 0.7250573609375001 0.7397676234375 0.72393786875 0.7736613593749999
0 0.729535328125 0.7898714078125 0.719086740625 0.794292328125 0.7172209203125 0.823028321875 0.7276695078125 0.8377647296875 0.7396107515625 0.783240021875 0.729535328125 0.7898714078125
0 0.7970779859375 1 0.800436459375 0.9667082890625001 0.743342390625 0.9681819296875 0.738491259375 1 0.7970779859375 1
0 0.7709565140625 0.63145503125 0.7855099046875 0.65134918125 0.7926000171875 0.6351391343749999 0.784763578125 0.577667146875 0.7773003 0.5798776078125 0.7709565140625 0.63145503125
0 0.7467008640625 0.616718628125 0.7690906953125001 0.6204027296875 0.7810319390625 0.5607202796874999 0.75491046875 0.5629307421874999 0.7534178140625001 0.5629307421874999 0.7467008640625 0.616718628125
0 0.8610660765624999 0.888983978125 0.8849984296875 0.8919374140624999 0.885995609375 0.8259773593749999 0.8550829890625 0.8692944109375 0.8610660765624999 0.888983978125
0 0.8820068843750001 0.8308997546875 0.8695421171875 0.7934895765625 0.8481027187500001 0.8151480984375 0.8550829890625 0.8604341046874999 0.8820068843750001 0.8308997546875
0 0.8904829265625 0.970695684375 0.8899843359374999 0.9372234171875 0.8610660765624999 0.9244252 0.8555815796875 0.9510061140625 0.8904829265625 0.970695684375
0 0.8256661390625 0.9578974656250001 0.8401252671874999 0.9667577703125 0.841621040625 0.9195028093750001 0.831649228125 0.9086735453125 0.8256661390625 0.9578974656250001
0 0.8640576203125001 0.9057201109375 0.841621040625 0.8712633656250001 0.8306520453124999 0.901782196875 0.8535872156250001 0.9401768531249999 0.8640576203125001 0.9057201109375