0 0.557736028125 0.681793365625 0.537226125 0.5659143359375001 0.5069496 0.576330428125 0.528436165625 0.6987195171875 0.557736028125 0.681793365625
0 0.14460797187500002 0.8718870546874999 0.1270280546875 0.7690281421875 0.10554148906250001 0.7820482578125 0.12214474374999999 0.8875111953125 0.14460797187500002 0.8718870546874999
0 0.0254552 0.76512210625 0.08991489531249999 0.71304164375 0.0781949515625 0.690907446875 0.018618564062500002 0.742987909375 0.0254552 0.76512210625
0 0 0.5789344515625 0.0010386484374999999 0.6570551453125 0.0225252140625 0.6505450890625 0.018585204687500002 0.5737630203124999 0 0.5789344515625
0 0.3418937109375 0.357592484375 0.342870371875 0.20655914218750002 0.3287414546875 0.21022135468749997 0.32333713125 0.3588944953125 0.3418937109375 0.357592484375
0 0.328220440625 0.2664516734375 0.3291971046875 0.2234852921875 0.3193664546875 0.2248046875 0.32040714531250003 0.2677536859375 0.328220440625 0.2664516734375
0 0.365625 0.2375 0.02578125 0.06796875
0 0.38828125 0.1671875 0.01875 0.05078125
0 0.45323318593749995 0.1844249453125 0.43760659375 0.12974045781250002 0.43108520468749995 0.13626302031249998 0.44444322812500003 0.190935003125 0.45323318593749995 0.1844249453125
0 0.4581164984375 0.16880080625 0.45030320156250003 0.13755252812500002 0.4412414546875 0.1425130203125 0.45030320156250003 0.1740088515625 0.4581164984375 0.16880080625
0 0.46796875 0.1234375 0.01015625 0.08828125
0 0.49522965625 0.22478730468750002 0.49718298125000004 0.076357984375 0.48108520468749993 0.0789713546875 0.47471975312500003 0.21957925781249998 0.49522965625 0.22478730468750002
0 0.515625 0.075 0.0390625 0.0375
0 0.61145244375 0.07245195 0.6280556984375 0.09849218125 0.6339156703125 0.076357984375 0.616335753125 0.0516197640625 0.61145244375 0.07245195
0 0.58117591875 0.1779148875 0.556759365625 0.028183556250000002 0.5391794484375 0.0333916015625 0.5665259875 0.1831229328125 0.58117591875 0.1779148875
0 0.5772692703125 0.0919821234375 0.5850825656249999 0.0216734984375 0.5678039546875 0.0175130203125 0.5626193390625 0.0789620078125 0.5772692703125 0.0919821234375
0 0.616335753125 0.08026401875 0.6212190625 0.015163440625 0.6060852046874999 0.0123046875 0.6036391453125 0.076357984375 0.616335753125 0.08026401875
0 0.65 0.07578125 0.0328125 0.02109375
0 0.65 0.0171875 0.05 0.034375
0 0.68515625 0.01796875 0.01875 0.03125
0 0.73671875 0.0109375 0.0359375 0.021875
0 0.17421875 0.45859375 0.03046875 0.05859375
0 0.2 0.51796875 0.02421875 0.06953125
0 0.5430860984375 0.400558865625 0.5616426765625 0.40186087812500004 0.55187605625 0.27296173281249997 0.5430860984375 0.400558865625
0 0.572385959375 0.357592484375 0.5753159453125 0.2234852921875 0.5576477046874999 0.2195963546875 0.556759365625 0.35498846093749997 0.572385959375 0.357592484375
0 0.43565326875 0.3068140328125 0.4903463453125 0.30941805625 0.49132300781250005 0.2768677671875 0.43662993125 0.278169778125 0.43565326875 0.3068140328125
0 0.44444322812500003 0.18963299218750002 0.42979329687499995 0.1388545390625 0.42327270468749995 0.1445963546875 0.43662993125 0.1961430484375 0.44444322812500003 0.18963299218750002
0 0.138748 0.611484740625 0.1035881640625 0.5138338734375 0.0928039546875 0.5248046875 0.1250747296875 0.62450485625 0.138748 0.611484740625
0 0.15339793125 0.57242439375 0.116284771875 0.4604513984375 0.1053039546875 0.47272135468750004 0.142654646875 0.5802364640625 0.15339793125 0.57242439375
0 0.0791716125 0.65965916875 0.09284488125 0.5346660578125 0.0670227046875 0.5435546875 0.0488950890625 0.6505450890625 0.0791716125 0.65965916875
0 0.1348413515625 0.55549824375 0.12312140625000001 0.5268539890625 0.1099914546875 0.5300130203125 0.12214474374999999 0.5659143359375001 0.1348413515625 0.55549824375
0 0.69921875 0.50625 0.0390625 0.0484375