0 0.6828125 0.43046875 0.09140625 0.075
0 0.74375 0.75 0.03984375 0.03671875
0 0.43828125 0.63671875 0.03828125 0.0421875
0 0.61484375 0.7734375 0.0453125 0.05390625
0 0.66328125 0.73671875 0.0375 0.02734375
0 0.2625 0.49296875 0.02734375 0.034375
0 0.4421875 0.525 0.04375 0.0296875
0 0.73046875 0.63828125 0.03671875 0.0484375
0 0.6984375 0.60390625 0.05234375 0.0390625
0 0.6753318593750001 0.6350090374999999 0.6196022046875 0.5602870546875 0.6003192046875 0.5757472828125 0.654433240625 0.64633055 0.6753318593750001 0.6350090374999999
0 0.6405008265625 0.5648156578125 0.6004451375000001 0.6395376453125 0.6265684140625 0.6576520625 0.6518799640624999 0.5793704703125 0.6405008265625 0.5648156578125
0 0.7203125 0.37578125 0.09453125 0.03828125
0 0.753125 0.3375 0.03984375 0.0421875