0 0.30703125 0.19453125 0.0453125 0.01953125
0 0.3390625 0.14140625 0.0109375 0.04609375
0 0.7953125 0.37265625 0.06328125 0.0234375
0 0.79921875 0.34453125 0.02734375 0.03359375
0 0.86875 0.42421875 0.0296875 0.028125
0 0.80078125 0.49453125 0.07265625 0.01875
0 0.84453125 0.52578125 0.0453125 0.0265625
0 0.6734375 0.36015625 0.05078125 0.025
0 0.60234375 0.4546875 0.0359375 0.0375
0 0.63671875 0.39765625 0.0546875 0.025
0 0.4375 0.28828125 0.0359375 0.0203125
0 0.203125 0.1390625 0.0265625 0.0171875
0 0.23828125 0.0984375 0.0140625 0.03359375
0 0.16953125 0.09140625 0.02421875 0.03828125
0 0.1125 0.15546875 0.0390625 0.03125
0 0.15234375 0.20625 0.0265625 0.053125
0 0.0125 0.196875 0.01875 0.02421875
0 0.06484375 0.22890625 0.04296875 0.03125
0 0.02421875 0.3875 0.03984375 0.02265625
0 0.046875 0.43671875 0.021875 0.05390625
0 0.0140625 0.590625 0.01875 0.0609375
0 0.096875 0.56171875 0.0421875 0.04453125
0 0.14765625 0.42578125 0.046875 0.025
0 0.2515625 0.42109375 0.04296875 0.02578125
0 0.23671875 0.38671875 0.02734375 0.028125
0 0.2875 0.40859375 0.0359375 0.02734375
0 0.35078125 0.43828125 0.0359375 0.0234375
0 0.20625 0.6046875 0.03515625 0.0375
0 0.246875 0.5828125 0.08828125 0.025
0 0.35 0.5953125 0.053125 0.0515625
0 0.46640625 0.61640625 0.0703125 0.0375
0 0.54453125 0.5390625 0.0375 0.0328125
0 0.565625 0.45859375 0.034375 0.02578125
0 0.665625 0.5515625 0.0234375 0.05078125
0 0.70703125 0.54296875 0.03984375 0.03828125
0 0.75703125 0.65390625 0.05703125 0.0421875
0 0.77578125 0.61328125 0.0609375 0.02890625
0 0.86328125 0.675 0.03984375 0.0234375
0 0.88515625 0.76640625 0.02890625 0.0375
0 0.8921875 0.68515625 0.02421875 0.02578125
0 0.91875 0.703125 0.0234375 0.0421875
0 0.98828125 0.7625 0.0203125 0.05390625
0 0.98046875 0.90390625 0.03203125 0.04765625
0 0.83125 0.82421875 0.05 0.0421875
0 0.81328125 0.75859375 0.0359375 0.053125
0 0.74765625 0.75390625 0.04921875 0.02890625
0 0.715625 0.809375 0.059375 0.03515625
0 0.7 0.76640625 0.0515625 0.0375
0 0.61171875 0.646875 0.0296875 0.046875
0 0.56640625 0.61953125 0.02578125 0.03671875
0 0.4359375 0.69375 0.0984375 0.028125
0 0.47109375 0.7296875 0.03984375 0.04921875
0 0.5671875 0.8234375 0.0328125 0.05859375
0 0.15390625 0.73671875 0.05546875 0.03125
0 0.234375 0.7125 0.021875 0.028125
0 0.30390625 0.6734375 0.040625 0.03515625
0 0.27734375 0.79765625 0.0453125 0.0265625
0 0.3875 0.82578125 0.04296875 0.02578125
0 0.69765625 0.90390625 0.0375 0.04375
0 0.721875 0.8859375 0.034375 0.02734375
0 0.7515625 0.85 0.06171875 0.0203125
0 0.77578125 0.9328125 0.0359375 0.02734375
0 0.7953125 0.91328125 0.06953125 0.02890625
0 0.628125 0.77421875 0.02265625 0.01640625
0 0.64296875 0.74609375 0.0359375 0.03984375