0 0.98359375 0.746875 0.0328125 0.046875
0 0.78828125 0.52734375 0.0171875 0.03515625
0 0.7875 0.59375 0.0421875 0.03984375
0 0.9234375 0.71328125 0.021875 0.03828125
0 0.4953125 0.4921875 0.02734375 0.01484375
0 0.3359375 0.59453125 0.0234375 0.025
0 0.496875 0.640625 0.03203125 0.03359375
0 0.46629784374999994 0.6396958546875 0.42365105156249994 0.6223099421875 0.42154503749999994 0.6325834359375 0.46524483749999995 0.649179078125 0.46629784374999994 0.6396958546875
0 0.47577490781250004 0.6341639734375 0.4483967203125 0.6215196734374999 0.4452377 0.6302126296874999 0.47314239062499996 0.644437465625 0.47577490781250004 0.6341639734375
0 0.2683324859375 0.6191488671875 0.2172616359375 0.60492403125 0.2151238953125 0.6283377546875 0.2667529734375 0.6365347796874999 0.2683324859375 0.6191488671875
0 0.0756321625 0.6310028984375 0.0361443921875 0.60966564375 0.033182796875 0.6207507578125 0.0719466375 0.6412763890625001 0.0756321625 0.6310028984375
0 0.060890060937500004 0.6373250484375 0.026140821874999998 0.6262612859375001 0.02349611875 0.635292503125 0.058257543749999995 0.646018003125 0.060890060937500004 0.6373250484375