0 0.10252247031249999 0.47931822031250004 0.0875621109375 0.5098256234375 0.09548230156250001 0.5133457078125 0.1091226296875 0.4851850296875 0.10252247031249999 0.47931822031250004
0 0.1020824609375 0.519799196875 0.113962746875 0.4898784765625 0.1078025984375 0.4857717109375 0.0946022796875 0.5145190703125 0.1020824609375 0.519799196875
0 0.3140625 0.5453125 0.01328125 0.03515625
0 0.30546875 0.50859375 0.01484375 0.03203125
0 0.1578125 0.61953125 0.0234375 0.04765625
0 0.1375 0.56171875 0.04296875 0.01171875
0 0.16328125 0.51953125 0.04453125 0.0421875
0 0.21796875 0.53359375 0.01328125 0.03671875
0 0.2484375 0.51796875 0.01484375 0.0390625
0 0.24288585468749999 0.5221459203125 0.20548495312499998 0.5010254109375001 0.20372491093749998 0.5080655796875 0.2398057796875 0.5315328140625 0.24288585468749999 0.5221459203125
0 0.22578125 0.50546875 0.0203125 0.0140625
0 0.55078125 0.5078125 0.021875 0.0375
0 0.48665173125 0.5420930671875 0.529332759375 0.4963319640625 0.520972559375 0.48635839062499997 0.47697149687499996 0.5274260484375 0.48665173125 0.5420930671875
0 0.50625 0.4921875 0.0171875 0.015625
0 0.6046875 0.7125 0.01484375 0.05390625
0 0.62578125 0.56484375 0.0453125 0.028125
0 0.58515625 0.49296875 0.0078125 0.025
0 0.746875 0.5078125 0.01796875 0.0234375
0 0.79609375 0.525 0.02421875 0.02421875
0 0.7678185078124999 0.5749471921875 0.7898190390625001 0.5139323890624999 0.776178709375 0.50689221875 0.7532981578125 0.5667336609375 0.7678185078124999 0.5749471921875
0 0.6692561328125 0.5544133640625 0.711057140625 0.5051321765625 0.7013769062499999 0.4969186453125 0.6626559750000001 0.5432664296875 0.6692561328125 0.5544133640625
0 0.6894966203124999 0.6465222515625 0.7136972046875 0.5966543828125 0.7040169703125 0.5919609359375 0.679376378125 0.6406554437499999 0.6894966203124999 0.6465222515625
0 0.7092970984375 0.6347886359375 0.74801803125 0.5884408515625 0.737457778125 0.5772939171875 0.702256928125 0.62422838125 0.7092970984375 0.6347886359375
0 0.6802563984375001 0.4928118796875 0.6648560265625 0.5227326015625 0.67233620625 0.5274260484375 0.6899366312499999 0.4969186453125 0.6802563984375001 0.4928118796875
0 0.6278951359375 0.4910518375 0.6270151140625 0.5209725578125 0.6358153265625 0.5209725578125 0.6366953484375 0.4910518375 0.6278951359375 0.4910518375
0 0.63757536875 0.495158603125 0.6366953484375 0.5215592390625 0.6446155390625 0.5209725578125 0.64505555 0.4963319640625 0.63757536875 0.495158603125
0 0.65 0.51328125 0.0109375 0.00859375
0 0.96328125 0.56328125 0.01171875 0.025
0 0.978125 0.5625 0.009375 0.034375
0 0.9859375 0.553125 0.0234375 0.00859375
0 0.8875 0.540625 0.0703125 0.015625
0 0.93515625 0.55390625 0.05625 0.0140625
0 0.83828125 0.5484375 0.01015625 0.0234375
0 0.8640625 0.56171875 0.03046875 0.01875
0 0.865625 0.5140625 0.040625 0.01875
0 0.8328125 0.52890625 0.021875 0.02578125