0 0.51796875 0.14375 0.01953125 0.0984375
0 0.42578125 0.11953125 0.03046875 0.08046875
0 0.96640625 0.428125 0.03359375 0.08671875
0 0.7875 0.91875 0.03125 0.1234375
0 0.6125 0.73984375 0.03125 0.11875
0 0.4078125 0.51328125 0.01953125 0.09375
0 0.4078125 0.62421875 0.021875 0.1140625
0 0.4421875 0.55625 0.0328125 0.03046875
0 0.51328125 0.44609375 0.0421875 0.07421875
0 0.48203125 0.828125 0.0234375 0.0953125
0 0.49921875 0.97109375 0.03671875 0.05703125
0 0.4453125 0.9703125 0.04296875 0.059375
0 0.35390625 0.73515625 0.01953125 0.14296875
0 0.31171875 0.6703125 0.05 0.05
0 0.34296875 0.61484375 0.0359375 0.04765625
0 0.321875 0.49140625 0.0234375 0.0484375
0 0.35390625 0.48046875 0.0390625 0.046875
0 0.4015625 0.35625 0.0390625 0.07734375
0 0.3921875 0.25703125 0.02421875 0.0703125
0 0.8140625 0.3125 0.0234375 0.09140625
0 0.79375 0.2546875 0.01875 0.10390625
0 0.384375 0.765625 0.015625 0.0625
0 0.346875 0.94296875 0.01796875 0.08671875
0 0.46015625 0.30390625 0.03125 0.05078125