0 0.1308997046875 0 0.129056046875 0.1410398234375 0.19911504375 0.13274336250000002 0.210176990625 0 0.1308997046875 0
0 0.2452064890625 0.2157079640625 0.2931415921875 0.21847345156250003 0.298672565625 0.0055309734375 0.2562684359375 0 0.2452064890625 0.2157079640625
0 0.3761061953125 0.37057522187499997 0.43141592968750003 0.36780973437500003 0.44432153437500005 0.0442477875 0.37794985312499996 0.02212389375 0.3761061953125 0.37057522187499997
0 0.525442478125 0.02212389375 0.4977876109375 0.024889381250000002 0.4756637171875 0.099557521875 0.6452802359375001 0.2267699109375 0.67662241875 0.12721238906250001 0.525442478125 0.02212389375
0 0.7595870203125 0.3650442484375 0.8130530968749999 0.42311946875000006 0.7595870203125 0.0442477875 0.7042772859374999 0.0387168140625 0.7595870203125 0.3650442484375
0 0.47750737499999996 0.7743362828125 0.5199115046875 0.7300884953125 0.47750737499999996 0.5309734515625 0.422197640625 0.5337389375 0.47750737499999996 0.7743362828125
0 0.7227138640625 0.9319690265625 0.7540560468749999 0.9485619468750001 0.7595870203125 0.7190265484375 0.7282448375 0.8075221234375001 0.7227138640625 0.9319690265625
0 0.80936578125 0.7549778765624999 0.8130530968749999 0.5448008843750001 0.7540560468749999 0.5807522125 0.77986725625 0.882190265625 0.80936578125 0.7549778765624999
0 0.805678465625 0.7162610625 0.9789823015625 0.6305309734375 0.9734513281250001 0.5586283187500001 0.82411504375 0.6526548671875 0.805678465625 0.7162610625
0 0.8554572265625 0.8738938046875001 0.9365781703125 0.86836283125 0.9752949859375001 0.660951328125 0.9033923296875 0.6886061953125 0.8554572265625 0.8738938046875001
0 0.8019911499999999 0.992809734375 0.8517699109375 0.8213495578125001 0.8167404125 0.8047566375 0.724557521875 1 0.8019911499999999 0.992809734375
0 0.6231563421875 0.8932522125 0.5955014750000001 0.8462389375000001 0.5309734515625 0.8987831859375 0.547566371875 1 0.6231563421875 0.8932522125
0 0.5678466078125 0.951327434375 0.6305309734375 1 0.70612094375 0.970685840625 0.6950589968750001 0.8932522125 0.643436578125 0.879424778125 0.5678466078125 0.951327434375
0 0.6932153390625 0.6360619468750001 0.67662241875 0.7549778765624999 0.72087020625 0.7992256640625001 0.7577433625000001 0.7273230093749999 0.7485250734375 0.6305309734375 0.6932153390625 0.6360619468750001
0 0.7429941 0 0.8001474921874999 0.3318584078125 0.842551621875 0.2710176984375 0.7946165187500001 0 0.7429941 0
0 0.8019911499999999 0 0.8462389375000001 0.1410398234375 0.89786135625 0.088495575 0.8775811203125 0 0.8019911499999999 0
0 0.9568584078125 0.2737831859375 0.9992625374999999 0.30420353906250003 1 0.1161504421875 0.9568584078125 0.2737831859375
0 1 0.0055309734375 0.894174040625 0 0.9070796453125001 0.052544248437499996 1 0.035951328125 1 0.0055309734375