0 0.6453125 0.025 0.0390625 0.0484375
0 0.665625 0.059375 0.03515625 0.046875
0 0.6328125 0.1609375 0.053125 0.01640625
0 0.67578125 0.1234375 0.05625 0.028125
0 0.7265625 0.1328125 0.02109375 0.0484375
0 0.7875 0.09296875 0.0296875 0.04921875
0 0.7421875 0.08046875 0.03125 0.015625
0 0.759375 0.221875 0.03984375 0.0171875
0 0.8046875 0.1890625 0.0296875 0.03203125
0 0.8546875 0.24375 0.046875 0.02734375
0 0.87265625 0.3265625 0.04921875 0.05546875
0 0.815625 0.321875 0.053125 0.02734375
0 0.515625 0.42265625 0.0234375 0.04609375
0 0.50078125 0.5375 0.034375 0.053125
0 0.64296875 0.528125 0.03828125 0.03671875
0 0.7796875 0.503125 0.05234375 0.03046875
0 0.86796875 0.51796875 0.03984375 0.04453125
0 0.490625 0.66796875 0.02734375 0.05234375
0 0.83046875 0.6375 0.0671875 0.02421875
0 0.81484375 0.60546875 0.02578125 0.0515625
0 0.95859375 0.60546875 0.0265625 0.0359375
0 0.86953125 0.675 0.05 0.03984375
0 0.9171875 0.67265625 0.03046875 0.03203125
0 0.8984375 0.76796875 0.02421875 0.01484375
0 0.9234375 0.75390625 0.01875 0.040625
0 0.94140625 0.725 0.0140625 0.02734375
0 0.98125 0.696875 0.0375 0.021875
0 0.73984375 0.75078125 0.03671875 0.03515625
0 0.659375 0.87109375 0.0296875 0.04140625
0 0.7359375 0.8328125 0.028125 0.0703125
0 0.84921875 0.7734375 0.0328125 0.04609375
0 0.84609375 0.8421875 0.04609375 0.0375
0 0.775 0.9078125 0.0234375 0.04140625
0 0.809375 0.965625 0.0328125 0.03515625
0 0.796875 0.93046875 0.0296875 0.0515625
0 0.89296875 0.740625 0.0296875 0.03671875
0 0.9265625 0.70546875 0.053125 0.0078125
0 0.896875 0.92421875 0.034375 0.03828125
0 0.9296875 0.95859375 0.0328125 0.05234375
0 0.88984375 0.99296875 0.0296875 0.01328125
0 0.88984375 0.80859375 0.02890625 0.0359375
0 0.92578125 0.8125 0.0234375 0.0296875
0 0.9484375 0.815625 0.015625 0.0328125
0 0.921875 0.91171875 0.02578125 0.03125
0 0.93125 0.8859375 0.01796875 0.03359375
0 0.96171875 0.928125 0.01796875 0.03515625
0 0.99609375 0.93828125 0.0078125 0.0296875
0 0.93046875 0.8453125 0.0390625 0.0265625
0 0.9796875 0.74921875 0.02421875 0.03359375
0 0.70390625 0.9921875 0.0171875 0.015625
0 0.92890625 0.47421875 0.0359375 0.034375