0 0.71171875 0.334375 0.03828125 0.084375
0 0.98125 0.0328125 0.01875 0.065625
0 0.609375 0.09453125 0.05703125 0.08046875
0 0.93203125 0.52421875 0.04140625 0.084375
0 0.9171875 0.65703125 0.01484375 0.0578125
0 0.871875 0.646875 0.0390625 0.0375
0 0.36171875 0.1640625 0.04765625 0.028125
0 0.30546875 0.19296875 0.071875 0.06015625
0 0.365625 0.25390625 0.01875 0.109375
0 0.40625 0.2875 0.0234375 0.04296875
0 0.5359375 0.36171875 0.025 0.0640625
0 0.38046875 0.065625 0.0578125 0.046875
0 0.4515625 0.10703125 0.0234375 0.07421875
0 0.4984375 0.1484375 0.034375 0.0328125
0 0.45078125 0.1875 0.0203125 0.08359375
0 0.34296875 0.41328125 0.02578125 0.06171875
0 0.54453125 0.48046875 0.05625 0.04375
0 0.58515625 0.6625 0.0109375 0.0625
0 0.5533065125000001 0.6543695125 0.56652663125 0.666511315625 0.595445640625 0.5923114109375 0.5805730062500001 0.5734241640625 0.5533065125000001 0.6543695125
0 0.50625 0.58515625 0.0140625 0.03828125
0 0.42688912968750004 0.4803370109375 0.5029048109375001 0.5504896484375 0.5128199 0.5275551328125 0.43515170468750003 0.4601006734375 0.42688912968750004 0.4803370109375
0 0.48968469375 0.46819520781249996 0.4582869109375 0.43042071249999997 0.448371821875 0.45335522812500006 0.48059586249999997 0.48708245625 0.48968469375 0.46819520781249996
0 0.48555340625000004 0.5842168765625 0.49051095 0.5289042203125 0.4442405359375 0.5032715265625 0.438456734375 0.553187825 0.48555340625000004 0.5842168765625