0 0.47734375 0.32578125 0.02734375 0.02109375
0 0.3375 0.28515625 0.0265625 0.0140625
0 0.5984375 0.459375 0.01640625 0.0453125
0 0.62734375 0.4578125 0.01484375 0.0421875
0 0.6484375 0.553125 0.0109375 0.05078125
0 0.678125 0.5453125 0.028125 0.05625
0 0.5796875 0.57109375 0.021875 0.021875
0 0.64921875 0.63828125 0.0203125 0.03671875
0 0.63125 0.68515625 0.021875 0.01953125
0 0.6515625 0.725 0.0390625 0.0171875
0 0.6515625 0.79296875 0.02109375 0.05390625
0 0.56484375 0.64296875 0.0109375 0.0546875
0 0.59375 0.6625 0.0265625 0.0296875
0 0.5859375 0.628125 0.0296875 0.0234375
0 0.5453125 0.77265625 0.02578125 0.059375
0 0.55703125 0.721875 0.02578125 0.0609375
0 0.6078125 0.81015625 0.040625 0.01484375
0 0.59765625 0.88515625 0.028125 0.0203125
0 0.5359375 0.8765625 0.02265625 0.034375
0 0.45234375 0.86171875 0.01171875 0.059375
0 0.42734375 0.96328125 0.02109375 0.025
0 0.45 0.93203125 0.0234375 0.02578125
0 0.4875 0.925 0.0234375 0.0484375
0 0.3609375 0.93828125 0.0140625 0.03828125
0 0.384375 0.9140625 0.01796875 0.0328125
0 0.41015625 0.9203125 0.02578125 0.01796875
0 0.1625 0.459375 0.015625 0.03125
0 0.375 0.71015625 0.01875 0.04140625
0 0.32421875 0.57109375 0.0203125 0.05390625
0 0.48359375 0.3765625 0.02890625 0.03046875
0 0.3703125 0.4046875 0.021875 0.02734375
0 0.18125 0.82578125 0.01171875 0.02890625
0 0.1890625 0.840625 0.0078125 0.03125
0 0.1984375 0.85234375 0.0078125 0.0328125
0 0.21015625 0.8734375 0.01015625 0.04921875