0 0.2609375 0.62734375 0.03984375 0.1109375
0 0.1390625 0.81875 0.046875 0.0796875
0 0.2828125 0.51328125 0.01953125 0.115625
0 0.4015625 0.31953125 0.0609375 0.02734375
0 0.56875 0.14140625 0.0515625 0.059375
0 0.5171875 0.2125 0.028125 0.1078125
0 0.48359375 0.2375 0.0375 0.096875
0 0.4890625 0.309375 0.03125 0.0421875
0 0.43125 0.35546875 0.05703125 0.03359375
0 0.38359375 0.3734375 0.0375 0.0453125
0 0.39140625 0.43671875 0.01484375 0.08671875
0 0.40859375 0.41171875 0.01796875 0.06015625
0 0.3444216109375 0.5361185625 0.3888988265625 0.4432889515625 0.37539681406250003 0.4158323046875 0.3372230375 0.522816421875 0.3444216109375 0.5361185625
0 0.34045043124999996 0.55965283125 0.3499812625 0.4092950109375 0.33086979843750003 0.4046155859375 0.3253599484375 0.5557304546874999 0.34045043124999996 0.55965283125
0 0.359375 0.51484375 0.025 0.05
0 0.34601008437499997 0.5034320812499999 0.3706313984375 0.4158323046875 0.358717859375 0.398835334375 0.33595239062500004 0.49561977031250004 0.34601008437499997 0.5034320812499999
0 0.3070925203125 0.5348111046875 0.335685015625 0.460285921875 0.3198002953125 0.43152181875 0.292796271875 0.5165066734375 0.3070925203125 0.5348111046875
0 0.32933112656249997 0.524351428125 0.2975616875 0.4419814921875 0.287667765625 0.46005491562499995 0.322977240625 0.5413484015625001 0.32933112656249997 0.524351428125
0 0.43019909843750004 0.41321738750000003 0.47388207812500005 0.3230026953125 0.4691166625 0.31254302031250003 0.42362710468750003 0.392063284375 0.43019909843750004 0.41321738750000003