0 0.13125 0.10859375 0.0265625 0.153125
0 0.28671875 0.071875 0.134375 0.07890625
0 0.66796875 0.01640625 0.12734375 0.0328125
0 0.55546875 0.03125 0.0578125 0.05859375
0 0.46110032187499994 0.48263647499999995 0.47646090937499996 0.37433067656249996 0.45450966406250004 0.368385878125 0.4395954984375 0.48263647499999995 0.46110032187499994 0.48263647499999995
0 0.49609375 0.35390625 0.021875 0.12265625
0 0.75625 0.39765625 0.03515625 0.0875
0 0.5163984390625 0.18306724531250002 0.4411315578125 0.028673873437500004 0.416407403125 0.05865136562499999 0.5010378515625 0.1991978953125 0.5163984390625 0.18306724531250002
0 0.53022296875 0.1531103234375 0.4918214984375 0.0010213296875 0.46434250625000006 0.0070289453125 0.5102542046874999 0.1669365953125 0.53022296875 0.1531103234375
0 0.2982780859375 0.5079846421875 0.348968028125 0.5632897296875 0.3658646734375 0.5379415640625 0.31684988125 0.49191095156250003 0.2982780859375 0.5079846421875
0 0.3243910859375 0.5102890203125 0.4027300875 0.5056802625000001 0.39965796875000004 0.452679553125 0.32299540625 0.45503779375000003 0.3243910859375 0.5102890203125
0 0.470316675 0.5218109140625 0.5455835578125 0.44115765937500007 0.5282559765625 0.4144773234375 0.45802820312500003 0.48954961093750005 0.470316675 0.5218109140625
0 0.59320138125 0.44576641562499997 0.683828853125 0.3582000265625 0.6634575500000001 0.33151272187499997 0.5793768515625 0.4112007375 0.59320138125 0.44576641562499997
0 0.5271508515625001 0.3697219203125 0.6684682640624999 0.3236343453125 0.6609993390625 0.289108590625 0.5194705578125001 0.3328518609375 0.5271508515625001 0.3697219203125
0 0.8220741453124999 0.3720262984375 0.785208734375 0.26372049999999997 0.76547328125 0.2835776171875 0.803641440625 0.3835481921875 0.8220741453124999 0.3720262984375
0 0.8220741453124999 0.3236343453125 0.8266823234375 0.1738497296875 0.7974972046875 0.1761541109375 0.7944250875 0.3190255890625 0.8220741453124999 0.3236343453125
0 0.8312905 0.1508059453125 0.732982734375 0.077065825 0.7176221453125 0.11163150625 0.819002028125 0.1853716234375 0.8312905 0.1508059453125
0 0.7391269687500001 0.28445990781249997 0.8005693234375 0.1991978953125 0.7851389656250001 0.1729581484375 0.7222303234375 0.25680736249999997 0.7391269687500001 0.28445990781249997
0 0.6438913234375 0.2982861796875 0.7283745578125 0.1876760015625 0.70647623125 0.16373986093749998 0.6254586171875001 0.272938015625 0.6438913234375 0.2982861796875
0 0.73671875 0.1734375 0.04765625 0.05234375
0 0.4375 0.36015625 0.05 0.05625
0 0.29375 0.4671875 0.04921875 0.0578125
0 0.6945812640625 0.1646322171875 0.736054853125 0.044804525 0.717231225 0.034223090625 0.67154038125 0.148501565625 0.6945812640625 0.1646322171875
0 0.144672203125 0.2959818015625 0.2091866734375 0.39276570624999996 0.2245472625 0.3697219203125 0.1656699390625 0.2706720125 0.144672203125 0.2959818015625