0 0.372130834375 0.437259659375 0.3794845265625 0.40563585 0.3390392265625 0.3674237453125 0.3331562734375 0.393776921875 0.372130834375 0.437259659375
0 0.5296875 0.525 0.0140625 0.02734375
0 0.5478840484374999 0.547942996875 0.5412657265624999 0.4583422 0.532228859375 0.461535421875 0.53905961875 0.5466253390625 0.5478840484374999 0.547942996875
0 0.49126062812500004 0.678391215625 0.48831915156249994 0.5901080765625 0.475758271875 0.5912001906250001 0.47581787656249996 0.6757558984375 0.49126062812500004 0.678391215625
0 0.42507740937499994 0.6309555 0.4309603625 0.5914257359375 0.41811121250000005 0.5817125234375 0.41257613437499996 0.62436720625 0.42507740937499994 0.6309555
0 0.33046875 0.5 0.01484375 0.03046875
0 0.34271607187500003 0.4939189875 0.3537466078125 0.457024540625 0.3463929171875 0.44516561250000003 0.33683311875 0.4807424 0.34271607187500003 0.4939189875
0 0.271875 0.66796875 0.028125 0.0515625
0 0.271875 0.78359375 0.015625 0.07109375
0 0.2078125 0.67265625 0.0234375 0.04296875
0 0.17421875 0.66875 0.03984375 0.05859375
0 0.38046875 0.76640625 0.01640625 0.040625
0 0.3421875 0.86796875 0.0125 0.0921875
0 0.42265625 0.871875 0.0140625 0.03671875
0 0.4421875 0.89609375 0.01640625 0.0625
0 0.4578125 0.86875 0.01015625 0.08046875
0 0.50546875 0.953125 0.009375 0.06953125
0 0.4890625 0.946875 0.0203125 0.02109375
0 0.5368535125 0.6757558984375 0.51258633125 0.7693096703125 0.5243522375 0.793027528125 0.5481112125000001 0.68291429375 0.5368535125 0.6757558984375
0 0.534375 0.64921875 0.01328125 0.0375
0 0.5493547859375 0.81015709375 0.5765634421875 0.766674353125 0.5728170953125 0.7503821421875 0.5434718328125 0.7969805046875 0.5493547859375 0.81015709375
0 0.55703125 0.7234375 0.0203125 0.0421875
0 0.55390625 0.6375 0.01015625 0.046875
0 0.5245239234375 0.8975182421874999 0.5638487999999999 0.8744820593749999 0.56195818125 0.86228643125 0.5226333046875 0.883967546875 0.5245239234375 0.8975182421874999
0 0.5415394953125 0.877192196875 0.5460769796875 0.8636415015625 0.523011428125 0.8419603875 0.520181521875 0.8568916296875001 0.5415394953125 0.877192196875
0 0.544564484375 0.8568661515624999 0.5676300375000001 0.836540109375 0.5642269234375 0.8236669484375 0.5404051234375 0.84670313125 0.544564484375 0.8568661515624999
0 0.51875 0.7953125 0.0125 0.0203125
0 0.53671875 0.83671875 0.01015625 0.0296875
0 0.50859375 0.8671875 0.0078125 0.02734375