0 0.208404009375 0.514781625 0.425440025 0.29949460625 0.399159071875 0.2429500171875 0.18756855156250002 0.46412585625 0.208404009375 0.514781625
0 0.5487164812499999 0.31919407187500004 0.44887991562499996 0.6836341906250001 0.503572990625 0.7244402265625001 0.6005479593749999 0.348770121875 0.5487164812499999 0.31919407187500004
0 0.579101525 0.8623364890625 0.8030826937500001 0.541516615625 0.7540201828125 0.4861111109375 0.527881025 0.78916704375 0.579101525 0.8623364890625
0 0.5851785328125 0.564030290625 0.70064169375 0.4683471703125 0.6719929390625 0.40080614531250003 0.5591342109374999 0.49789636875000004 0.5851785328125 0.564030290625
0 0.7188727187499999 0.849672546875 0.92549100625 0.569658709375 0.8783257375 0.5097517734375 0.6719929390625 0.77087468125 0.7188727187499999 0.849672546875
0 0.8386766 0.963648028125 0.9906018109374999 0.8187162421874999 0.9628211999999999 0.7427325875 0.8091597015625001 0.8918856875 0.8386766 0.963648028125
0 0.8056871250000001 0.8890714765625001 0.9958106750000001 0.71459049375 0.992909071875 0.6279550828125 0.777906515625 0.808866509375 0.8056871250000001 0.8890714765625001
0 0.6484375 0.96484375 0.075 0.0703125
0 0.3447026265625 0.6287571062499999 0.4810012453125 0.3206011765625 0.436659071875 0.276722390625 0.2986909921875 0.575287128125 0.3447026265625 0.6287571062499999
0 0.4546875 0.84375 0.08203125 0.14453125
0 0.6060139906249999 0.8918856875 0.5391668968750001 0.6850412953125 0.487353515625 0.7168890015625 0.571288228125 0.9172135718750001 0.6060139906249999 0.8918856875