0 0.24921875 0.56640625 0.071875 0.04296875
0 0.1828125 0.68046875 0.03203125 0.0953125
0 0.25078125 0.67421875 0.040625 0.090625
0 0.11796875 0.74296875 0.165625 0.03359375
0 0.0796875 0.703125 0.0765625 0.04140625
0 0.64296875 0.72109375 0.0296875 0.12734375
0 0.58046875 0.7078125 0.07890625 0.0296875
0 0.44765625 0.68515625 0.05546875 0.06328125
0 0.50390625 0.68125 0.059375 0.0640625
0 0.54296875 0.66796875 0.0328125 0.04921875
0 0.54453125 0.771875 0.13984375 0.025
0 0.51875 0.7515625 0.0859375 0.0203125
0 0.4078125 0.74296875 0.06953125 0.05703125
0 0.6273930984375 0.258247421875 0.7094224609374999 0.1735960015625 0.6782697093750001 0.1627645515625 0.5875502671875 0.23840724687499998 0.6273930984375 0.258247421875
0 0.5828628734375 0.251634028125 0.6508300593749999 0.172273325 0.6145276765625 0.159589946875 0.545363740625 0.2410526015625 0.5828628734375 0.251634028125
0 0.525 0.32109375 0.11484375 0.08046875
0 0.243026953125 0.6219839890625 0.1563102015625 0.5399779265625 0.12708860625 0.553240740625 0.21958999218750003 0.6285973796875 0.243026953125 0.6219839890625