0 0.12578125 0.171875 0.11875 0.02890625
0 0.19921875 0.2546875 0.09296875 0.0359375
0 0.28984375 0.340625 0.15546875 0.0546875
0 0.13359375 0.35078125 0.04296875 0.05234375
0 0.140625 0.41953125 0.08359375 0.040625
0 0.54296875 0.428125 0.0984375 0.0234375
0 0.603125 0.3875 0.07578125 0.01875
0 0.6234375 0.35703125 0.1046875 0.025
0 0.80546875 0.303125 0.096875 0.01875
0 0.89609375 0.27890625 0.0734375 0.03515625
0 0.87734375 0.16328125 0.0890625 0.025
0 0.9703125 0.159375 0.05859375 0.04765625
0 0.959375 0.459375 0.07578125 0.03671875
0 0.9484375 0.57265625 0.08671875 0.03984375
0 0.5203125 0.57109375 0.14453125 0.028125
0 0.5609375 0.65546875 0.1171875 0.04375
0 0.74609375 0.7390625 0.09765625 0.02265625
0 0.4609375 0.784375 0.17109375 0.03671875
0 0.80546875 0.88125 0.12421875 0.025
0 0.821875 0.95859375 0.0546875 0.05
0 0.3265625 0.98671875 0.10078125 0.02578125
0 0.96328125 0.7734375 0.040625 0.0359375