0 0.6147314875000001 0.29764456875 0.548771109375 0.1905037921875 0.530330884375 0.21837833281250002 0.6031438546875 0.32442976562500003 0.6147314875000001 0.29764456875
0 0.551445178125 0.2922875296875 0.4908329375 0.1556830375 0.4690118109375 0.17659112500000002 0.529161265625 0.31103716875 0.551445178125 0.2922875296875
0 0.2828125 0.2 0.07734375 0.0375
0 0.3109375 0.275 0.04296875 0.0671875
0 0.35546875 0.3875 0.05390625 0.06640625
0 0.30859375 0.5390625 0.01484375 0.08671875
0 0.07578125 0.63125 0.02890625 0.10390625
0 0.3109375 0.73984375 0.02265625 0.0640625
0 0.3125 0.68359375 0.0296875 0.046875
0 0.34140625 0.73671875 0.04375 0.06171875
0 0.42265625 0.72734375 0.0296875 0.0453125
0 0.41875 0.82265625 0.06640625 0.02109375
0 0.4078125 0.7796875 0.04609375 0.03203125
0 0.45390625 0.76015625 0.03125 0.065625
0 0.51953125 0.61640625 0.01875 0.13359375
0 0.59453125 0.63125 0.0296875 0.05
0 0.6671875 0.59609375 0.059375 0.01875
0 0.640625 0.56796875 0.09453125 0.0265625
0 0.65703125 0.54296875 0.0578125 0.02578125
0 0.61328125 0.4609375 0.03125 0.05390625
0 0.63203125 0.425 0.04765625 0.0234375
0 0.60546875 0.34453125 0.0578125 0.0546875
0 0.5389661859375 0.430231284375 0.45428732343749995 0.37130385781249997 0.44263034843750004 0.40052770000000004 0.530052621875 0.4650520375 0.5389661859375 0.430231284375
0 0.53515625 0.3828125 0.046875 0.04765625
0 0.4917242953125 0.526657984375 0.43378612343749995 0.3927320109375 0.4177417046875 0.41282090781249997 0.46944038125 0.5413898421875001 0.4917242953125 0.526657984375
0 0.5443143265625 0.6699587765625 0.574620446875 0.55210391875 0.553227890625 0.536032803125 0.526487196875 0.6512091421874999 0.5443143265625 0.6699587765625
0 0.6931708578125 0.71549360625 0.6307759046875 0.636477284375 0.61918826875 0.66728025625 0.6780177968750001 0.739600284375 0.6931708578125 0.71549360625
0 0.61918826875 0.795849190625 0.6904967890625 0.746296584375 0.683365934375 0.7235291687500001 0.6111660624999999 0.7730817765625 0.61918826875 0.795849190625
0 0.468549025 0.790492153125 0.550553821875 0.86147291875 0.5603587421875 0.8346877265625 0.473289884375 0.7712552234375 0.468549025 0.790492153125
0 0.4667663125 0.8668299562499999 0.550553821875 0.8882581140625 0.5478797531249999 0.8601336609375 0.46972482187500003 0.847329371875 0.4667663125 0.8668299562499999
0 0.5460970406250001 0.9846848140625 0.5853167234375001 0.948524803125 0.58166778125 0.9298323171874999 0.530943978125 0.9672744375000001 0.5460970406250001 0.9846848140625
0 0.6084919921874999 1 0.6209709812499999 0.9043292296875001 0.6044841812499999 0.9030456453125 0.5862080796875 0.995398890625 0.6084919921874999 1
0 0.6182969125 0.9659351796875001 0.6708869453124999 0.8989721906250001 0.6548425265625 0.869508475 0.6111660624999999 0.9378107265625 0.6182969125 0.9659351796875001
0 0.5765625 0.81796875 0.07109375 0.02265625
0 0.63046875 0.8203125 0.03046875 0.0421875
0 0.62578125 0.86953125 0.06015625 0.0140625
0 0.66015625 0.82109375 0.025 0.078125