0 0.5777538296875 0.5862504609375 0.6072667593750001 0.5954839187500001 0.6084166125 0.58567336875 0.5785203984375 0.5770170015625 0.5777538296875 0.5862504609375
0 0.590625 0.50859375 0.0140625 0.03671875
0 0.4875 0.4109375 0.0140625 0.0375
0 0.6417623906250001 0.631263571875 0.6485274671875 0.5808596328125 0.643492040625 0.579415525 0.6367796890624999 0.6289552078125 0.6417623906250001 0.631263571875
0 0.6274266328125 0.6555922390625 0.6300642375 0.606853584375 0.6254395953125 0.6070824531250001 0.6228707703125 0.6555922390625 0.6274266328125 0.6555922390625
0 0.62109375 0.64453125 0.00390625 0.0296875
0 0.6039279765625001 0.6292372625 0.61903425625 0.6072146109375 0.616616509375 0.6027498890625 0.6015301546875 0.6252659640625 0.6039279765625001 0.6292372625
0 0.6017699359375001 0.612630015625 0.6171159984375 0.5924125 0.613739415625 0.5877303359375 0.5986527671874999 0.6082976906249999 0.6017699359375001 0.612630015625
0 0.6125 0.63359375 0.00703125 0.03125
0 0.6124701171875 0.607090925 0.6224663296874999 0.593864503125 0.6200143765624999 0.5895888765625 0.6097438765625001 0.6025300890625 0.6124701171875 0.607090925
0 0.6236779921875 0.6130200125 0.6385208546875 0.5833745828125 0.6347951484375 0.5779124953125 0.619740090625 0.6080030921875 0.6236779921875 0.6130200125