0 0.625 0.6984375 0.00859375 0.05390625
0 0.63828125 0.70859375 0.0109375 0.02890625
0 0.70390625 0.7484375 0.0109375 0.05078125
0 0.77109375 0.71640625 0.009375 0.03359375
0 0.83125 0.57578125 0.03359375 0.03828125
0 0.8484375 0.61015625 0.01796875 0.01875
0 0.86953125 0.621875 0.01640625 0.02578125
0 0.95703125 0.69765625 0.02578125 0.03203125
0 0.93671875 0.67578125 0.0203125 0.02578125
0 0.9609375 0.76015625 0.01328125 0.04921875
0 0.8875 0.83125 0.00859375 0.0578125
0 0.83203125 0.790625 0.02109375 0.03125
0 0.79609375 0.8625 0.0125 0.02734375
0 0.75 0.875 0.0140625 0.05234375
0 0.77265625 0.88515625 0.015625 0.0296875
0 0.93984375 0.90390625 0.0203125 0.0421875
0 0.93125 0.98828125 0.01484375 0.0234375
0 0.878125 0.984375 0.0078125 0.03125
0 0.88828125 0.97890625 0.0140625 0.0421875
0 0.859375 0.98125 0.021875 0.0375
0 0.78671875 0.98828125 0.01953125 0.02265625
0 0.65703125 0.83359375 0.0296875 0.0359375
0 0.6453125 0.77890625 0.0203125 0.02890625
0 0.61875 0.78203125 0.01328125 0.02578125
0 0.6265625 0.86171875 0.03671875 0.01875
0 0.6234375 0.8296875 0.01875 0.03046875
0 0.64765625 0.91796875 0.04296875 0.0125
0 0.64140625 0.89609375 0.03515625 0.009375
0 0.63984375 0.884375 0.040625 0.01171875
0 0.665625 0.8953125 0.02578125 0.01953125
0 0.68984375 0.98125 0.01015625 0.03671875
0 0.70546875 0.95703125 0.01328125 0.025
0 0.7140625 0.93359375 0.0359375 0.009375
0 0.72109375 0.9828125 0.01640625 0.03359375