0 0.90234375 0.6390625 0.10625 0.39765625
0 0.928125 0.946875 0.14296875 0.10546875
0 0.7703125 0.86171875 0.146875 0.2765625
0 0.5902974750000001 0.740863478125 0.8478434874999999 0.44123900781250003 0.7611649546875 0.409021759375 0.531847315625 0.6509761375 0.5902974750000001 0.740863478125
0 0.6765625 0.6625 0.0734375 0.17109375
0 0.22681054843749998 0.330608434375 0.3546702703125 0.0056311234375 0.2744651609375 0 0.13913530937500002 0.2729883453125 0.22681054843749998 0.330608434375
0 0.3199654890625 0.5910512437500001 0.44051894062499997 0.0309839640625 0.369466621875 0.01625023125 0.24690278906250002 0.57491761875 0.3199654890625 0.5910512437500001
0 0.5373270171875 0.489639884375 0.6524007671875001 0.0056311234375 0.5828545187499999 0 0.44965177812499996 0.43662940156249996 0.5373270171875 0.489639884375
0 0.6944118203125 0.2637691296875 0.8021793 0.0102407328125 0.745087784375 0 0.6396147953125 0.229197075 0.6944118203125 0.2637691296875
0 0.7565151140624999 0.30525559375 0.9793563437499999 0.15313855625 0.9350907078124999 0.0807901515625 0.7163306281249999 0.24072109375 0.7565151140624999 0.30525559375
0 0.5921240421875 0.385923721875 0.9994485875000001 0.42971499062499996 0.9976220187499999 0.32830363125 0.5960085687500001 0.2799419140625 0.5921240421875 0.385923721875
0 0.6998915218749999 0.32830363125 0.736422871875 0.27990275468750003 0.705625640625 0.246749953125 0.6615336046875 0.298341184375 0.6998915218749999 0.32830363125
0 0.41860013125 1 0.575684934375 0.72242505 0.5346230078125 0.6764014375 0.3638031078125 0.9828678578125001 0.41860013125 1
0 0.3345780265625 0.3582660796875 0.47339715625 0.3790093109375 0.4971425328125 0.25915952343750004 0.34169696250000003 0.228309975 0.3345780265625 0.3582660796875
0 0.444172075 0.2476355046875 0.5245410453125 0.196929825 0.5185458374999999 0.1379540859375 0.41494699687500003 0.20153943281250003 0.444172075 0.2476355046875
0 0.4828125 0.10625 0.08046875 0.084375
0 0.49140625 0.51953125 0.11328125 0.0921875
0 0.49921875 0.61171875 0.1421875 0.05078125