0 0.2823827171875 0.51432215 0.40967799843749997 0.5627386609375 0.41757908437499996 0.5365675750000001 0.289879959375 0.49184725625 0.2823827171875 0.51432215
0 0.06953125 0.50546875 0.065625 0.07734375
0 0.15859375 0.62265625 0.0765625 0.0203125
0 0.13515625 0.59765625 0.04140625 0.03515625
0 0.55078125 0.50625 0.0515625 0.0375
0 0.57734375 0.5984375 0.015625 0.046875
0 0.38046875 0.596875 0.040625 0.0265625
0 0.409375 0.49453125 0.01171875 0.04296875
0 0.44765625 0.515625 0.04453125 0.03359375
0 0.4860551671875 0.571898540625 0.5001015421874999 0.49992805156250003 0.4815934421875 0.4928941578125 0.464985603125 0.566664325 0.4860551671875 0.571898540625
0 0.50390625 0.55 0.02265625 0.0328125
0 0.52734375 0.54765625 0.02578125 0.03515625
0 0.522926903125 0.5274076937500001 0.5009794421875 0.4724484125 0.486933065625 0.4816082921875 0.508880528125 0.5352590203125 0.522926903125 0.5274076937500001