0 0.1171875 0.53515625 0.1578125 0.03984375
0 0.19921875 0.590625 0.05859375 0.06875
0 0.2953125 0.8328125 0.03984375 0.08203125
0 0.3578125 0.95859375 0.06953125 0.0359375
0 0.39140625 0.98359375 0.06328125 0.0328125
0 0.3484375 0.68125 0.1 0.090625
0 0.75859375 0.6203125 0.10078125 0.04609375
0 0.90390625 0.56953125 0.13125 0.04765625
0 0.80078125 0.834375 0.0375 0.121875
0 0.86796875 0.8203125 0.0546875 0.1203125
0 0.96796875 0.82890625 0.0640625 0.053125
0 0.97890625 0.76875 0.040625 0.0234375
0 0.96015625 0.66796875 0.07890625 0.04375
0 0.621875 0.96015625 0.06796875 0.04140625
0 0.62890625 0.98984375 0.0453125 0.0203125
0 1 0.6171251 0.9137200640625001 0.6368774875 0.9251343484375001 0.66453083125 1 0.6395111390625 1 0.6171251
0 0.8944035843749999 0.5196799875 0.6994827421875 0.4551555171875 0.6944718812499999 0.482314053125 0.887379409375 0.5473333296875 0.8944035843749999 0.5196799875
0 0.7451398765625 0.5433828515625 0.5528531 0.43540313125 0.5413604875 0.460190159375 0.7354816375000001 0.5657688921874999 0.7451398765625 0.5433828515625
0 0.56163331875 0.6671644828125001 0.7776266828125 0.7053524343750001 0.78026075 0.6763822625 0.5645379 0.643502421875 0.56163331875 0.6671644828125001
0 0.5177322265625001 0.700085128125 0.6652398921875 0.7896292875 0.6784102187500001 0.7619759453125 0.5291465125 0.6711149609375 0.5177322265625001 0.700085128125
0 0.7047508734375 1 0.7407497671875001 0.9529156953125 0.7176492921875 0.9416482296875 0.6722640656250001 0.9976877749999999 0.7047508734375 1