0 0.3078125 0.2671875 0.0296875 0.05
0 0.3328125 0.26953125 0.0203125 0.04375
0 0.32734375 0.328125 0.01796875 0.03671875
0 0.35078125 0.32421875 0.02421875 0.05
0 0.390460621875 0.49764937812500004 0.4580144375 0.46698410937499996 0.44332882656250006 0.45289465937499995 0.3772435703125 0.48853267499999997 0.390460621875 0.49764937812500004
0 0.39140625 0.4640625 0.0546875 0.0234375
0 0.3515625 0.51875 0.03671875 0.04375
0 0.39453125 0.52578125 0.028125 0.04140625
0 0.4375 0.52109375 0.01796875 0.04921875
0 0.39296875 0.5578125 0.0859375 0.0125
0 0.65703125 0.353125 0.05078125 0.03828125
0 0.46484375 0.165625 0.05625 0.0328125
0 0.50859375 0.1515625 0.08359375 0.01484375
0 0.6268989796875 0.5871588109375 0.7120755359375 0.5755557359375 0.703264165625 0.5573223328125 0.614135590625 0.5701153437500001 0.6268989796875 0.5871588109375
0 0.6577387671875 0.5622950796875 0.70766985 0.5374313468749999 0.698858484375 0.52748585625 0.6474588390625 0.554835959375 0.6577387671875 0.5622950796875
0 0.6122133703125 0.5614662890625 0.6489274015625 0.512567615625 0.6342417874999999 0.50759486875 0.5916535125 0.554835959375 0.6122133703125 0.5614662890625
0 0.6738929406249999 0.5448904671875 0.6738929406249999 0.493505421875 0.6482027359375 0.4958515734375 0.6489274015625 0.543232884375 0.6738929406249999 0.5448904671875
0 0.60078125 0.4984375 0.04765625 0.05703125
0 0.14374233125 0.4860463015625 0.1290567171875 0.5473768406249999 0.15108513750000002 0.5523495859375 0.16656375625 0.48656860156250004 0.14374233125 0.4860463015625
0 0.1734375 0.51015625 0.04296875 0.01953125
0 0.21423327187500002 0.4860463015625 0.18926772812499998 0.5017933328125 0.1966105359375 0.5133964062499999 0.22882440625 0.4905470171875 0.21423327187500002 0.4860463015625
0 0.2039533421875 0.5233418999999999 0.25975866875000003 0.493505421875 0.2546684453125 0.4852424625 0.195141971875 0.5175403625 0.2039533421875 0.5233418999999999
0 0.1734375 0.5453125 0.02578125 0.02421875
0 0.2 0.55625 0.034375 0.01328125
0 0.21796875 0.53984375 0.028125 0.01640625
0 0.2515625 0.5140625 0.028125 0.03046875