0 0.90625 0.46796875 0.04375 0.42265625
0 0.62734375 0.7265625 0.040625 0.175
0 0.4625 0.6546875 0.03515625 0.1953125
0 0.8187092859374999 0.6611205140624999 0.881215659375 0.2769809296875 0.8360721671875 0.2516530453125 0.778774659375 0.6329784203125 0.8187092859374999 0.6611205140624999
0 0.5495846265625 0.45709033281250006 0.56521121875 0.0237020828125 0.5067979593749999 0.0178008546875 0.4905508296875 0.45286901874999996 0.5495846265625 0.45709033281250006
0 0.6138272875 0.6104647453125 0.624245015625 0.12079230781250001 0.573024515625 0.1179780984375 0.564343075 0.609057640625 0.6138272875 0.6104647453125
0 0.42978074531250005 0.420505609375 0.374219525 0 0.31952645 0.01948076875 0.382032821875 0.45286901874999996 0.42978074531250005 0.420505609375
0 0.467110940625 0.3909564109375 0.45061620312499995 0.0096310359375 0.41027018281250005 0.0076691421875 0.42630816875 0.38954930625 0.467110940625 0.3909564109375
0 0.485341965625 0.1404917734375 0.48707825312499997 0.0025955125 0.45061620312499995 0.0054097218750000006 0.4454073390625 0.13627045937499999 0.485341965625 0.1404917734375
0 0.693696540625 0.5992079078125 0.811764134375 0.1967759625 0.77138129375 0.1607705734375 0.6528937703125 0.558401871875 0.693696540625 0.5992079078125
0 0.730158590625 0.3768853640625 0.7075868453124999 0.13345625 0.6624433546875 0.1447130875 0.6815425234375 0.3853279921875 0.730158590625 0.3768853640625
0 0.271778525 0.61750026875 0.3768239578125 0.313565653125 0.3429663390625 0.28260935 0.23878905156250002 0.5766942328125 0.271778525 0.61750026875