0 0.596875 0.29140625 0.01875 0.121875
0 0.6109375 0.27578125 0.02578125 0.07109375
0 0.575 0.58828125 0.01875 0.03359375
0 0.603125 0.63828125 0.01484375 0.11484375
0 0.58359375 0.7390625 0.0203125 0.0921875
0 0.6390625 0.71484375 0.04453125 0.03671875
0 0.64609375 0.7609375 0.02578125 0.07109375
0 0.59453125 0.871875 0.04375 0.06953125
0 0.62578125 0.91171875 0.04140625 0.02265625
0 0.6341510031250001 0.48480986562500006 0.5889267546875 0.5609274656250001 0.6025769140625 0.5809962609375 0.6462646421875 0.5008346234375 0.6341510031250001 0.48480986562500006
0 0.6454570656249999 0.5449027078124999 0.668876765625 0.5035054156250001 0.6559555515625 0.4874806578125 0.6329386703125001 0.536124465625 0.6454570656249999 0.5449027078124999
0 0.6527252484375 0.515523984375 0.6551479765625 0.472791296875 0.639804034375 0.47679748593750004 0.6406116109375 0.51685938125 0.6527252484375 0.515523984375
0 0.6737222218750001 0.4687851078125 0.6583782796875 0.42605241875 0.6484425468749999 0.4346287390625 0.6640313109375 0.47546209062499994 0.6737222218750001 0.4687851078125
0 0.6494949453125 0.4554311421875 0.6193727796874999 0.449586003125 0.6309207 0.488816053125 0.6494949453125 0.4554311421875
0 0.6470722171875 0.403350678125 0.6368146390625 0.4453125 0.6511100984375 0.4514249515625 0.6583782796875 0.42738781562500006 0.6737222218750001 0.4367355921875 0.6753373734375 0.4153692484375 0.6470722171875 0.403350678125
0 0.6341510031250001 0.33524545781250004 0.667261615625 0.25111548125 0.6575707046875 0.23241992812499998 0.622037365625 0.32189149375000004 0.6341510031250001 0.33524545781250004