0 0.56015625 0.0328125 0.02578125 0.06484375
0 0.61875 0.1265625 0.0171875 0.0765625
0 0.46328125 0.03828125 0.009375 0.0765625
0 0.4890625 0.29609375 0.02109375 0.17890625
0 0.44453125 0.22265625 0.021875 0.096875
0 0.27265625 0.34375 0.02890625 0.14921875
0 0.31953125 0.34765625 0.02109375 0.05
0 0.38984375 0.53359375 0.03203125 0.040625
0 0.3270428484375 0.555194146875 0.2931763609375 0.44544704843750005 0.28041774531249997 0.456941796875 0.313245390625 0.5730877000000001 0.3270428484375 0.555194146875
0 0.3546377609375 0.32734963125 0.3402131484375 0.333314146875 0.35965501875 0.47526963125000005 0.37282531875 0.4693051171875 0.3546377609375 0.32734963125
0 0.38474130624999997 0.40369543593749996 0.3652994359375 0.2653186625 0.35401060625 0.26889736875 0.3740796359375 0.4084670484375 0.38474130624999997 0.40369543593749996
0 0.3897585640625 0.2581612390625 0.3709438484375 0.1185915640625 0.3607107265625 0.122900828125 0.3784697359375 0.2665115640625 0.3897585640625 0.2581612390625
0 0.3897585640625 0.1675005953125 0.3678080640625 0.041052853125 0.357146390625 0.04343865625 0.38035120624999996 0.1758509203125 0.3897585640625 0.1675005953125
0 0.39477581875 0.0983122078125 0.37157100625 0 0.3576997421875 0.003600484375 0.38348699375 0.1078554359375 0.39477581875 0.0983122078125
0 0.2743957734375 0 0.2988207734375 0.1615360796875 0.31136391875 0.1555715640625 0.2875319453125 0 0.2743957734375 0
0 0.21540887031249997 0.222374140625 0.1915769 0.12574898125 0.1840510125 0.13409930625 0.20537435781250002 0.2354960796875 0.21540887031249997 0.222374140625
0 0.27734375 0.76640625 0.02734375 0.0375
0 0.209375 0.3921875 0.01875 0.075