0 0.70234375 0.2234375 0.0125 0.03359375
0 0.61875 0.2140625 0.00859375 0.02265625
0 0.5609375 0.28515625 0.01640625 0.02890625
0 0.55859375 0.2296875 0.009375 0.0359375
0 0.5890625 0.19375 0.0171875 0.01875
0 0.58359375 0.16171875 0.01015625 0.01953125
0 0.3796875 0.1796875 0.0109375 0.028125
0 0.39921875 0.21875 0.0078125 0.02421875
0 0.3984375 0.16171875 0.0078125 0.028125
0 0.4296875 0.16015625 0.0125 0.0390625
0 0.434375 0.221875 0.01640625 0.0296875
0 0.4875 0.25859375 0.009375 0.02265625
0 0.62109375 0.31171875 0.01953125 0.028125
0 0.63984375 0.321875 0.0109375 0.03359375
0 0.6046875 0.4203125 0.01484375 0.0359375
0 0.6140625 0.39921875 0.00859375 0.04453125
0 0.5609375 0.371875 0.01171875 0.025
0 0.56640625 0.35546875 0.0140625 0.025
0 0.47890625 0.4671875 0.0125 0.028125
0 0.465625 0.43828125 0.00859375 0.0296875
0 0.4828125 0.43984375 0.01171875 0.02734375
0 0.50625 0.44765625 0.01015625 0.01875
0 0.4046875 0.30234375 0.0078125 0.053125
0 0.3828125 0.2671875 0.01171875 0.025
0 0.36328125 0.3484375 0.01796875 0.02109375
0 0.38984375 0.36015625 0.00859375 0.04453125
0 0.38203125 0.7125 0.01484375 0.01171875
0 0.37109375 0.6828125 0.01796875 0.04609375
0 0.390625 0.68984375 0.00703125 0.05
0 0.4140625 0.6484375 0.01484375 0.025
0 0.4109375 0.60859375 0.0125 0.0375
0 0.43671875 0.5734375 0.0125 0.053125
0 0.45703125 0.51796875 0.0140625 0.03359375
0 0.35078125 0.52421875 0.0203125 0.00859375
0 0.4046875 0.57265625 0.01171875 0.0265625
0 0.41953125 0.53359375 0.0140625 0.01484375
0 0.35546875 0.59375 0.01015625 0.02734375
0 0.38125 0.55703125 0.01171875 0.02109375
0 0.5734375 0.459375 0.01171875 0.03359375
0 0.6453125 0.440625 0.0171875 0.04140625
0 0.68359375 0.45703125 0.0171875 0.025
0 0.6984375 0.4625 0.009375 0.04140625
0 0.7328125 0.490625 0.00859375 0.0609375
0 0.75703125 0.5109375 0.025 0.02578125
0 0.64921875 0.63984375 0.015625 0.05
0 0.66796875 0.621875 0.01328125 0.0390625
0 0.671875 0.58828125 0.0171875 0.02265625
0 0.690625 0.565625 0.01484375 0.03359375
0 0.71015625 0.54609375 0.0078125 0.0421875
0 0.65078125 0.4859375 0.0203125 0.0203125
0 0.6171875 0.5453125 0.0125 0.04140625
0 0.5765625 0.5640625 0.01875 0.0390625
0 0.5984375 0.5296875 0.01015625 0.03359375
0 0.709375 0.6171875 0.01875 0.03515625
0 0.78203125 0.5640625 0.015625 0.0265625
0 0.78828125 0.58671875 0.01328125 0.028125
0 0.5453125 0.6 0.02421875 0.0203125
0 0.5890625 0.65703125 0.021875 0.0328125
0 0.60390625 0.67890625 0.01015625 0.059375
0 0.5515625 0.68671875 0.01015625 0.03125
0 0.609375 0.809375 0.01328125 0.0265625
0 0.64921875 0.7328125 0.015625 0.04609375
0 0.6953125 0.68125 0.0109375 0.0421875
0 0.68046875 0.65703125 0.01015625 0.040625
0 0.51328125 0.6671875 0.00859375 0.0453125
0 0.51640625 0.63359375 0.021875 0.03515625
0 0.446875 0.7328125 0.0125 0.0296875
0 0.46640625 0.73359375 0.0109375 0.0578125
0 0.47890625 0.671875 0.0171875 0.0203125
0 0.41796875 0.68984375 0.0078125 0.046875
0 0.446875 0.70078125 0.0078125 0.04140625
0 0.3453125 0.69609375 0.015625 0.0359375
0 0.37109375 0.7703125 0.021875 0.01875
0 0.3921875 0.75859375 0.01484375 0.01171875
0 0.41875 0.75078125 0.015625 0.04765625
0 0.38125 0.896875 0.01875 0.0234375
0 0.3828125 0.8625 0.01171875 0.03046875
0 0.403125 0.88671875 0.01640625 0.028125
0 0.4203125 0.8796875 0.01640625 0.03515625
0 0.4265625 0.83671875 0.0140625 0.0265625
0 0.48046875 0.83671875 0.025 0.02890625
0 0.53359375 0.81640625 0.015625 0.03125
0 0.57734375 0.82578125 0.01171875 0.03125
0 0.546875 0.76015625 0.009375 0.0203125
0 0.69765625 0.76015625 0.01875 0.0390625
0 0.70078125 0.72890625 0.0125 0.01640625
0 0.7234375 0.75546875 0.015625 0.02421875
0 0.7234375 0.72421875 0.0125 0.03671875
0 0.79453125 0.64140625 0.0265625 0.015625
0 0.7640625 0.6375 0.00859375 0.05390625
0 0.7734375 0.6328125 0.01640625 0.02265625