0 0.37578125 0.0875 0.01796875 0.075
0 0.475 0.01953125 0.0328125 0.02734375
0 0.58671875 0.1109375 0.021875 0.04609375
0 0.6578125 0.23984375 0.01328125 0.0390625
0 0.68359375 0.19921875 0.03203125 0.01953125
0 0.63125 0.45234375 0.02578125 0.025
0 0.58984375 0.45859375 0.02421875 0.053125
0 0.44453125 0.39140625 0.01640625 0.06796875
0 0.32265625 0.23359375 0.02265625 0.0328125
0 0.42734375 0.17734375 0.025 0.02421875
0 0.3875 0.14609375 0.03359375 0.02265625
0 0.4515625 0.1109375 0.03671875 0.0171875
0 0.4796875 0.090625 0.02265625 0.02890625
0 0.6203125 0.01015625 0.0125 0.0203125