0 0.42087542187500004 0.20202020156249997 0.353535353125 0.08080808125 0.314814815625 0.18181818125 0.402356903125 0.2878787890625 0.42087542187500004 0.20202020156249997
0 0.44444444375 0.141414140625 0.385521884375 0 0.34343434375 0.03282828125 0.43602693593749997 0.22474747499999997 0.44444444375 0.141414140625
0 0.4663299671875 0 0.49158249062500003 0.050505049999999996 0.6010101015625 0.1262626265625 0.58249158125 0 0.4663299671875 0
0 0.48148148125 0.05303030156250001 0.459595959375 0.08080808125 0.4427609421875 0.2803030296875 0.5101010109375 0.33080808125 0.5336700328124999 0.21717171875000002 0.5202020203125 0.10606060625 0.48148148125 0.05303030156250001
0 0.574074075 0.29545454531250004 0.609427609375 0.2550505046875 0.6010101015625 0.1792929296875 0.5387205390625 0.21464646406250001 0.574074075 0.29545454531250004
0 0.5690235703125001 0.5984848484375 0.671717171875 0.5984848484375 0.671717171875 0.50757575625 0.547138046875 0.5202020203125 0.5690235703125001 0.5984848484375
0 0.5572390578124999 0.49747474843750006 0.61784511875 0.4696969703125 0.63131313125 0.39393939375000003 0.5454545453125 0.3964646453125 0.5572390578124999 0.49747474843750006
0 0.44949494999999995 0.6616161609375 0.5909090906250001 0.6641414140624999 0.4983164984375 0.489898990625 0.44949494999999995 0.6616161609375
0 0.2643097640625 0.7020202015625 0.22053872187499998 0.7196969703125 0.276094275 0.7803030296875 0.3636363640625 0.7803030296875 0.3838383828125 0.7348484843749999 0.2979797984375 0.7121212109374999 0.2643097640625 0.7020202015625
0 0.185185184375 0.724747475 0.2121212125 0.7121212109374999 0.35016835 0.70707070625 0.31144781250000003 0.64393939375 0.18181818125 0.6590909093749999 0.185185184375 0.724747475
0 0.153198653125 0.8863636359375 0.18013467968750002 0.8207070703125 0.1548821546875 0.7222222234375 0.1363636359375 0.65656565625 0.12457912499999999 0.6616161609375 0.153198653125 0.8863636359375
0 0.12626262500000002 0.7196969703125 0.0959595953125 0.71717171875 0.079124578125 0.760101009375 0.1430976421875 0.8232323234375001 0.12626262500000002 0.7196969703125
0 0.0774410765625 0.6792929296875 0.090909090625 0.608585859375 0.0639730640625 0.5454545453125 0.038720539062499996 0.5681818187500001 0.04377104375 0.709595959375 0.0774410765625 0.6792929296875
0 0.1700336703125 0.9671717187500001 0.2121212125 0.866161615625 0.20370370312500002 0.8030303015625 0.1127946125 0.9015151515625 0.1700336703125 0.9671717187500001
0 0.10774410781249999 0.59343434375 0.2121212125 0.6010101 0.24242424218749997 0.50757575625 0.12794612656249998 0.5151515156250001 0.10774410781249999 0.59343434375
0 0.25757575781250003 0.3762626265625 0.1430976421875 0.4292929296875 0.153198653125 0.46717171874999996 0.276094275 0.42171717343750004 0.25757575781250003 0.3762626265625
0 0.31818181874999996 0.25 0.24579124531250002 0.25 0.185185184375 0.45707070625 0.223905725 0.4722222234375 0.31818181874999996 0.25
0 0.271043771875 0.5858585859375001 0.2929292921875 0.47727272656249997 0.271043771875 0.434343434375 0.2390572390625 0.59343434375 0.271043771875 0.5858585859375001
0 0.328282828125 0.49242424375000005 0.2929292921875 0.48484848437499994 0.2878787875 0.5606060609375 0.31986532031250003 0.575757575 0.328282828125 0.49242424375000005
0 0.3518518515625 0.3964646453125 0.36700336718750004 0.4873737359375 0.3989898984375 0.489898990625 0.4040404046875 0.4267676765625 0.37373737500000004 0.34090909062499997 0.31818181874999996 0.34343434375 0.3013468015625 0.366161615625 0.3518518515625 0.3964646453125
0 0.3080808078125 0.40656565625 0.27777777656249997 0.4141414140625 0.30639730625 0.4722222234375 0.3569023578125 0.4646464640625 0.397306396875 0.44444444531249994 0.37373737500000004 0.41919191875 0.3080808078125 0.40656565625
0 0.40572390625 0.33080808125 0.3518518515625 0.3964646453125 0.3636363640625 0.46212121093749997 0.40067339999999996 0.4469696984375 0.45622895625000004 0.4393939390625 0.40572390625 0.33080808125