0 0.0534660765625 0.2378318578125 0.070058996875 0.4839601765625 0.092182890625 0.6222345125000001 0.1917404125 0.48672566406250006 0.114306784375 0.22123893749999998 0.0534660765625 0.2378318578125
0 0.2599557515625 0 0.23967551562499997 0.1189159296875 0.3650442484375 0.12168141562499998 0.3724188796875 0.143805309375 0.36135693281250003 0 0.2599557515625 0
0 0.3466076703125 0.3982300890625 0.3078908546875 0.3125 0.283923303125 0.34292035468750004 0.2802359875 0.4977876109375 0.3466076703125 0.3982300890625
0 0.2783923296875 0.680309734375 0.32817109218749996 0.6886061953125 0.3115781703125 0.4756637171875 0.2894542765625 0.5143805312499999 0.2783923296875 0.680309734375
0 0.341076696875 0.6637168140624999 0.3742625375 0.589048671875 0.3502949859375 0.4424778765625 0.306047196875 0.4756637171875 0.341076696875 0.6637168140624999
0 0.41113569375000003 0.3871681421875 0.3687315640625 0.4286504421875 0.38163716875000003 0.547566371875 0.42957227187499997 0.5171460171875 0.41113569375000003 0.3871681421875
0 0.3466076703125 0.6913716812499999 0.3890118 0.7190265484375 0.42957227187499997 0.5337389375 0.3871681421875 0.5641592921874999 0.3466076703125 0.6913716812499999
0 0.4056047203125 0.7107300890625 0.4424778765625 0.6720132750000001 0.4682890859375 0.4535398234375 0.42588495625 0.459070796875 0.4056047203125 0.7107300890625
0 0.5125368734375 0.8185840703125 0.5383480828125 0.7162610625 0.47013274374999997 0.5973451328125 0.43694690312500006 0.60287610625 0.5125368734375 0.8185840703125
0 0.38163716875000003 0.8407079640624999 0.44985250781249997 0.7549778765624999 0.4332595875 0.6913716812499999 0.35213864375 0.7577433625000001 0.38163716875000003 0.8407079640624999
0 0.3871681421875 0.879424778125 0.35213864375 0.8766592921875 0.341076696875 0.9983407078125 0.3797935109375 1 0.3871681421875 0.879424778125
0 0.5309734515625 0.82411504375 0.4351032453125 0.8130530968749999 0.45169616562500003 0.8766592921875 0.52912979375 0.8987831859375 0.5309734515625 0.82411504375
0 0.5955014750000001 0.6443584078125 0.584439528125 0.5448008843750001 0.495943953125 0.6858407078125001 0.525442478125 0.7134955749999999 0.5955014750000001 0.6443584078125
0 0.6360619468750001 0.348451328125 0.6305309734375 0.298672565625 0.54387905625 0.566924778125 0.577064896875 0.5392699109375 0.6360619468750001 0.348451328125
0 0.4387905609375 0 0.4793510328125 0.3622787609375 0.4793510328125 0.33738938125 0.4922566375 0 0.4387905609375 0
0 0.5217551625 0 0.5014749265625 0.0027654875 0.48119469062500003 0.2931415921875 0.4922566375 0.3401548671875 0.4977876109375 0.3318584078125 0.5217551625 0
0 0.5918141593749999 0.36780973437500003 0.625 0.3125 0.5604719765625 0.143805309375 0.5549410031249999 0.2267699109375 0.5918141593749999 0.36780973437500003
0 0.5272861359375 0.25442477812500003 0.5512536875 0.1935840703125 0.5494100296875 0.0442477875 0.5199115046875 0.055309734374999996 0.5272861359375 0.25442477812500003
0 0.6102507375 0.768805309375 0.6231563421875 0.69413716875 0.6120943953125 0.4922566375 0.5899705015625 0.5171460171875 0.6102507375 0.768805309375
0 0.60287610625 0.8075221234375001 0.60287610625 0.7217920359375001 0.5825958703125 0.7328539828125 0.54387905625 0.7577433625000001 0.562315634375 0.8545353984374999 0.60287610625 0.8075221234375001
0 0.5604719765625 1 0.5825958703125 0.9900442484375 0.5825958703125 0.8738938046875001 0.5494100296875 0.9347345125000001 0.5604719765625 1