0 0.68984375 0.128125 0.0359375 0.04140625
0 0.74453125 0.265625 0.040625 0.02890625
0 0.71953125 0.30703125 0.02734375 0.01875
0 0.73046875 0.45078125 0.03046875 0.02734375
0 0.6765625 0.47421875 0.02265625 0.04453125
0 0.5791349218749999 0.20182812499999997 0.617752365625 0.1668085046875 0.613261965625 0.1519925109375 0.5731243265625 0.189453125 0.5791349218749999 0.20182812499999997
0 0.61875 0.1578125 0.02109375 0.03984375
0 0.60078125 0.05078125 0.01640625 0.02421875
0 0.60546875 0.25859375 0.03984375 0.02890625
0 0.44296875 0.259375 0.04296875 0.04296875
0 0.4609375 0.30234375 0.04140625 0.0171875
0 0.321875 0.2734375 0.0234375 0.03828125
0 0.32890625 0.35390625 0.01328125 0.04609375
0 0.3546875 0.3859375 0.04375 0.021875
0 0.41015625 0.3828125 0.03203125 0.02890625
0 0.478125 0.5125 0.0296875 0.04453125
0 0.28984375 0.4734375 0.03046875 0.028125
0 0.5638675625 0.1829714046875 0.594402284375 0.1829714046875 0.594402284375 0.1641146875 0.5623484640624999 0.16359105625 0.5638675625 0.1829714046875
0 0.4296875 0.32734375 0.05078125 0.01640625