0 0.5390625 0.08125 0.0203125 0.1625
0 0.3498794609375 0.039137534375 0.3217817453125 0.2552376203125 0.34254962187500004 0.2715032140625 0.3706473359375 0.050755815625 0.3498794609375 0.039137534375
0 0.32421875 0.0359375 0.01484375 0.071875
0 0.14375 0.2515625 0.03203125 0.29140625
0 0.134375 0.7625 0.02265625 0.2171875
0 0.17109375 0.57265625 0.06484375 0.0671875
0 0.22734375 0.56953125 0.0359375 0.18828125
0 0.4234375 0.56640625 0.02890625 0.2375
0 0.46171875 0.640625 0.03359375 0.24140625
0 0.41171875 0.93125 0.07265625 0.13046875
0 0.65 0.37109375 0.04609375 0.26640625
0 0.6078125 0.69453125 0.053125 0.23671875
0 0.37734375 0.3609375 0.0265625 0.2578125
0 0.3682040578125 0.0972289515625 0.3401063421875 0.364449484375 0.358542584375 0.36774958281250003 0.3853070125 0.1065235828125 0.3682040578125 0.0972289515625