0 0.059375 0.0671875 0.02421875 0.0265625
0 0.33359375 0.1078125 0.02265625 0.04765625
0 0.3765625 0.1703125 0.05859375 0.0265625
0 0.471875 0.171875 0.0390625 0.0453125
0 0.465625 0.1046875 0.03828125 0.03046875
0 0.56015625 0.1125 0.0234375 0.03359375
0 0.55859375 0.0515625 0.03046875 0.04765625
0 0.61796875 0.07421875 0.01875 0.0359375
0 0.6921875 0.14453125 0.025 0.05
0 0.6328125 0.18828125 0.05 0.0265625
0 0.44609375 0.40859375 0.0328125 0.03515625
0 0.4515625 0.36875 0.03984375 0.0265625
0 0.7046875 0.31171875 0.03359375 0.02890625
0 0.9875 0.4875 0.025 0.034375
0 0.89375 0.4546875 0.053125 0.02890625
0 0.8296875 0.48046875 0.05390625 0.0328125
0 0.93046875 0.6171875 0.0625 0.0359375
0 0.95625 0.65859375 0.04375 0.028125
0 0.72734375 0.528125 0.03515625 0.03125
0 0.76484375 0.53046875 0.02578125 0.04609375
0 0.81484375 0.64765625 0.04765625 0.02578125
0 0.83671875 0.73515625 0.0625 0.02890625
0 0.8984375 0.8203125 0.04609375 0.0375
0 0.92578125 0.86171875 0.0375 0.034375
0 0.9703125 0.94453125 0.059375 0.05078125
0 0.97890625 0.98984375 0.0171875 0.0203125
0 0.853125 0.9171875 0.04375 0.0359375
0 0.80078125 0.7734375 0.03984375 0.05625
0 0.771875 0.63671875 0.028125 0.053125
0 0.6609375 0.59609375 0.04375 0.03515625
0 0.528125 0.45625 0.03515625 0.0296875
0 0.48984375 0.41171875 0.03984375 0.025
0 0.340625 0.39375 0.04765625 0.0234375
0 0.23828125 0.38359375 0.04375 0.04453125
0 0.2421875 0.32421875 0.0375 0.02734375
0 0.10625 0.1765625 0.0421875 0.0421875
0 0.1328125 0.25703125 0.0359375 0.03125
0 0.14140625 0.34609375 0.0640625 0.021875
0 0.1640625 0.3140625 0.0359375 0.04765625
0 0.03359375 0.22265625 0.0328125 0.0484375
0 0.01640625 0.3515625 0.0328125 0.0375
0 0.1046875 0.375 0.05234375 0.0328125
0 0.05859375 0.409375 0.0609375 0.0296875
0 0.015625 0.440625 0.03125 0.0234375
0 0.075 0.4859375 0.02890625 0.0359375
0 0.11484375 0.52890625 0.046875 0.05390625
0 0.10703125 0.46796875 0.0578125 0.02578125
0 0.028125 0.6078125 0.03828125 0.0546875
0 0.2140625 0.51875 0.0234375 0.05
0 0.1640625 0.70078125 0.04765625 0.0375
0 0.3484375 0.57734375 0.071875 0.02734375
0 0.29140625 0.57734375 0.04375 0.04609375
0 0.35078125 0.67578125 0.0390625 0.03671875
0 0.43984375 0.61484375 0.02734375 0.05390625
0 0.54453125 0.6640625 0.07421875 0.0359375
0 0.6359375 0.6921875 0.0359375 0.03046875
0 0.6578125 0.7390625 0.04140625 0.04453125
0 0.7296875 0.87109375 0.046875 0.034375
0 0.76953125 0.9640625 0.03515625 0.04921875
0 0.79375 0.89609375 0.03046875 0.05390625
0 0.67421875 0.965625 0.0609375 0.028125
0 0.66640625 0.925 0.0625 0.025
0 0.67890625 0.88125 0.05390625 0.02265625
0 0.61796875 0.84296875 0.04765625 0.053125
0 0.46328125 0.73359375 0.0796875 0.04140625
0 0.478125 0.78046875 0.0640625 0.04140625
0 0.51171875 0.9046875 0.04375 0.05625
0 0.34296875 0.85625 0.03828125 0.03515625
0 0.2546875 0.79921875 0.04453125 0.0328125
0 0.60703125 0.99140625 0.0484375 0.0171875
0 0.2609375 0.703125 0.02578125 0.028125