0 0.91953125 0.434375 0.02421875 0.08984375
0 0.621875 0.278125 0.0484375 0.05234375
0 0.56484375 0.34140625 0.01796875 0.04921875
0 0.2671875 0.515625 0.0328125 0.04921875
0 0.34609375 0.55234375 0.0234375 0.04453125
0 0.20859375 0.95546875 0.0125 0.05
0 0.17421875 0.96015625 0.02265625 0.04296875
0 0.08828125 0.765625 0.021875 0.084375
0 0.26015625 0.88515625 0.01796875 0.06328125
0 0.2364319109375 0.84916555625 0.262729090625 0.7557154515625 0.24961653906249998 0.7520272609374999 0.22631761093749997 0.8362263125 0.2364319109375 0.84916555625
0 0.24452335 0.7585908390625 0.2694719578125 0.7427762078125 0.2690340140625 0.722121578125 0.24047763125000002 0.73702543125 0.24452335 0.7585908390625
0 0.27486625 0.764341615625 0.28498055 0.683830753125 0.272809634375 0.680713709375 0.2654262375 0.7571531453125 0.27486625 0.764341615625
0 0.396875 0.5890625 0.01953125 0.03515625
0 0.46875 0.590625 0.04453125 0.028125
0 0.4625 0.565625 0.00546875 0.034375