0 0.05625 0.21875 0.03828125 0.18671875
0 0.34765625 0.21953125 0.1015625 0.07890625
0 0.58984375 0.03203125 0.1421875 0.0640625
0 0.83125 0.128125 0.10546875 0.08359375
0 0.9734375 0.0453125 0.053125 0.03671875
0 0.8 0.39140625 0.2484375 0.028125
0 0.653125 0.87890625 0.071875 0.06015625
0 0.559375 0.925 0.1046875 0.05234375
0 0.53125 0.86328125 0.1375 0.06875
0 0.4296875 0.68046875 0.07109375 0.07109375
0 0.38690697812499997 0.46042282031250004 0.5756816671875 0.326106584375 0.5469792546875001 0.286359565625 0.36495643437499997 0.427502175 0.38690697812499997 0.46042282031250004
0 0.9400607187500001 0.29450276249999996 0.7108970265625 0.1746716078125 0.7000906453125 0.21261325156250002 0.930402478125 0.337958015625 0.9400607187500001 0.29450276249999996
0 0.8215277750000001 0.8067480249999999 0.9576211546875 0.7290552984375 0.940292921875 0.69723188125 0.8127475562500001 0.78172833125 0.8215277750000001 0.8067480249999999
0 0.5036838796875001 0.18915669531249998 0.3544201703125 0.37087866406250003 0.38251686875 0.40511613437499994 0.546706946875 0.224710990625 0.5036838796875001 0.18915669531249998
0 0.45714872343749996 0.1536023953125 0.3535421484375 0.0034842484375000003 0.31660982031249996 0.0071770968749999995 0.42729598125 0.1720379578125 0.45714872343749996 0.1536023953125
0 0.43783224374999996 0.060107759375 0.392175109375 0 0.3623223671875 0.0048010734375 0.4185157640625 0.0824937984375 0.43783224374999996 0.060107759375
0 0.34476193125 0.0930284046875 0.2885685359375 0 0.26252919218750004 0.0040165390624999995 0.32456742968749996 0.0996125359375 0.34476193125 0.0930284046875
0 0.0207718828125 0.11014714218749999 0.25169161875 0.2181268625 0.26573996875 0.1720379578125 0.040587907812500004 0.070388221875 0.0207718828125 0.11014714218749999
0 0 0.347175796875 0.092769671875 0.509145378125 0.1147202171875 0.48280886093750003 0.010235621875 0.32347293125 0 0.347175796875
0 0.273642165625 0.603956840625 0.0655509953125 0.490709815625 0.054634825 0.5234012859375 0.2666179890625 0.6408279640625001 0.273642165625 0.603956840625
0 0.16125537343750002 0.68428321875 0.034820232812500004 0.5473333296875 0.0188151859375 0.5644885171875 0.14193889375 0.7093029093750001 0.16125537343750002 0.68428321875
0 0.31578721249999997 0.7264216453125 0.3684685203125 0.59078858125 0.34476193125 0.5697193687500001 0.292080621875 0.706669259375 0.31578721249999997 0.7264216453125
0 0.3500300625 0.8304508890625 0.25344766406249997 0.692184175 0.23303066718749998 0.7172487375000001 0.3131531453125 0.860737884375 0.3500300625 0.8304508890625
0 0.37637071718750004 0.81728263125 0.40007730468749997 0.696134653125 0.3734998328125 0.6751079875 0.34827401875 0.79753024375 0.37637071718750004 0.81728263125
0 0.01875 0.3203125 0.03046875 0.04921875
0 0.009375 0.2296875 0.01875 0.03125