0 0.4661362875 0.67678365625 0.48995346875 0.6921070578124999 0.5086669703125 0.6001666375 0.4788954921875 0.6052744375 0.4661362875 0.67678365625
0 0.472941196875 0.588674084375 0.48995346875 0.588674084375 0.4788954921875 0.524826571875 0.4661362875 0.5427038734375 0.472941196875 0.588674084375
0 0.384300565625 0.70414475 0.375533253125 0.7370487125 0.40183519375000004 0.7370487125 0.384300565625 0.70414475
0 0.3980871953125 0.721476915625 0.412547628125 0.73169251875 0.4261574453125 0.6550755015624999 0.4014896484375 0.6499677 0.3980871953125 0.721476915625
0 0.3402454640625 0.73169251875 0.35555651093749996 0.7329694671875 0.36151080625 0.6755067046875001 0.3410960796875 0.6627372031250001 0.3402454640625 0.73169251875
0 0.7647258703125 0.42126716875000003 0.7737516046875 0.44097557343749993 0.7835978609375001 0.3695326046875 0.7614437859375001 0.367069053125 0.7647258703125 0.42126716875000003
0 0.7854516359375 0.40736044531250004 0.81960170625 0.415673921875 0.8177557562500001 0.3214545015625 0.7863746093749999 0.3214545015625 0.7854516359375 0.40736044531250004
0 0.6227756828125 0.50502789375 0.6383655874999999 0.530895175 0.65641705625 0.4545251046875 0.6383655874999999 0.456988653125 0.6227756828125 0.50502789375
0 0.596519 0.6355960796875 0.6137499484375 0.6245101015625 0.60062160625 0.5579942328125 0.57846753125 0.5690802109375 0.596519 0.6355960796875
0 0.3733414234375 0.9158268953125001 0.3945290984375 0.894987721875 0.3908760515625 0.8576965671875 0.37188020625 0.8741485453125 0.3733414234375 0.9158268953125001
0 0.339733390625 0.8818261359375 0.3463088765625 0.8697613515624999 0.330966078125 0.8357605937500001 0.3236599828125 0.8456317796875 0.339733390625 0.8818261359375
0 0.3550761890625 0.8598901624999999 0.3558067984375 0.7973726390625 0.34338643750000003 0.8050502296875001 0.34484765624999997 0.8741485453125 0.3550761890625 0.8598901624999999
0 0.39379848906250003 0.8511157718750001 0.39233726875 0.811631021875 0.366765940625 0.8127278203125 0.36238228281249996 0.85440616875 0.39379848906250003 0.8511157718750001
0 0.44128810312500005 0.8862133312499999 0.44347993125 0.9289884796875001 0.46832065156249997 0.925698084375 0.44128810312500005 0.8862133312499999
0 0.38210873749999996 0.992602803125 0.40183519375000004 0.9915060046875 0.3916066609375 0.95421485 0.37772508125000004 0.9640860359375001 0.38210873749999996 0.992602803125
0 0.5605759234375001 0.44190039218750005 0.5782698546875 0.424997096875 0.5798783953125 0.3911905109375 0.559771653125 0.39843477968749996 0.5605759234375001 0.44190039218750005