0 0.23203125 0.51171875 0.02265625 0.01640625
0 0.53828125 0.52265625 0.03203125 0.034375
0 0.65859375 0.7375 0.028125 0.0359375
0 0.571875 0.6265625 0.02890625 0.0578125
0 0.5625 0.68828125 0.04375 0.05
0 0.5296875 0.9609375 0.01328125 0.0734375
0 0.5203125 0.7453125 0.03671875 0.0203125
0 0.48359375 0.69453125 0.0390625 0.040625
0 0.446875 0.68828125 0.028125 0.05078125
0 0.44140625 0.62109375 0.04375 0.02421875
0 0.26640625 0.665625 0.01328125 0.06875
0 0.29140625 0.66015625 0.03984375 0.0234375
0 0.3015625 0.6375 0.021875 0.03671875
0 0.19765625 0.69296875 0.0390625 0.028125
0 0.3203125 0.76484375 0.0234375 0.0625
0 0.25390625 0.9375 0.0171875 0.03984375
0 0.21640625 0.915625 0.03515625 0.0265625