0 0.4546875 0.39375 0.0328125 0.03515625
0 0.45859375 0.4953125 0.01171875 0.04609375
0 0.4953125 0.478125 0.01953125 0.0359375
0 0.509375 0.56484375 0.009375 0.04765625
0 0.5296875 0.5578125 0.0140625 0.0390625
0 0.5484375 0.540625 0.021875 0.02890625
0 0.58203125 0.5234375 0.01328125 0.0546875
0 0.55234375 0.42734375 0.0453125 0.03125
0 0.5640625 0.45234375 0.0203125 0.04140625
0 0.6046875 0.45 0.04296875 0.03359375
0 0.59921875 0.40703125 0.03046875 0.0359375
0 0.58203125 0.37109375 0.01875 0.0390625
0 0.6109375 0.36875 0.03828125 0.01640625
0 0.75703125 0.46171875 0.046875 0.02109375
0 0.76328125 0.4375 0.04453125 0.02265625
0 0.809375 0.578125 0.02734375 0.04453125
0 0.72734375 0.665625 0.0203125 0.04453125
0 0.74921875 0.6359375 0.05703125 0.02421875
0 0.75390625 0.66015625 0.02734375 0.0328125
0 0.5984375 0.68515625 0.03359375 0.03125
0 0.61484375 0.6234375 0.040625 0.01484375
0 0.57578125 0.58046875 0.0359375 0.02578125
0 0.7484375 0.4140625 0.0234375 0.028125
0 0.7703125 0.39609375 0.02109375 0.04453125
0 0.71015625 0.396875 0.028125 0.02421875
0 0.646875 0.45546875 0.01953125 0.0265625
0 0.67265625 0.4296875 0.02890625 0.03359375
0 0.64609375 0.40546875 0.040625 0.01796875
0 0.48984375 0.409375 0.01640625 0.05234375
0 0.4640625 0.60703125 0.03671875 0.04765625
0 0.51171875 0.70078125 0.02734375 0.02265625
0 0.52578125 0.65 0.02109375 0.01875
0 0.5859375 0.7671875 0.015625 0.0296875
0 0.6578125 0.765625 0.0328125 0.025
0 0.81171875 0.64921875 0.0140625 0.05625
0 0.6421875 0.34140625 0.0265625 0.04375
0 0.63515625 0.56171875 0.03203125 0.02578125
0 0.8390625 0.540625 0.015625 0.040625
0 0.52421875 0.753125 0.02734375 0.015625
0 0.46875 0.69375 0.03046875 0.0640625