0 0.51484375 0.3265625 0.0734375 0.04765625
0 0.5625 0.37265625 0.03046875 0.06640625
0 0.59765625 0.33046875 0.02421875 0.03515625
0 0.753125 0.35234375 0.01796875 0.03046875
0 0.77890625 0.4171875 0.04296875 0.03359375
0 0.88984375 0.47890625 0.04375 0.0390625
0 0.9359375 0.48359375 0.03984375 0.04375
0 0.0921875 0.3421875 0.04296875 0.04609375
0 0.03828125 0.25234375 0.01875 0.0234375
0 0.41484375 0.334375 0.0328125 0.0296875
0 0.440625 0.36640625 0.0578125 0.025
0 0.7359375 0.4578125 0.0546875 0.021875
0 0.92890625 0.540625 0.02265625 0.03984375
0 0.24140625 0.44296875 0.04375 0.021875