0 0.03515625 0.4734375 0.04296875 0.16015625
0 0.028125 0.34453125 0.05625 0.0578125
0 0.14296875 0.9359375 0.07109375 0.05078125
0 0.6296875 0.853125 0.1359375 0.05234375
0 0.59609375 0.753125 0.05 0.04375
0 0.70703125 0.6640625 0.05 0.078125
0 0.50546875 0.590625 0.1375 0.0296875
0 0.384375 0.596875 0.03828125 0.11171875
0 0.4001666984375 0.6531234578125 0.23994394843750003 0.6553877625 0.238000365625 0.6953125 0.40364980156249997 0.6961452078125 0.4001666984375 0.6531234578125
0 0.37404342343749997 0.7097310203125 0.28174118593749997 0.6191589203125 0.26258411875 0.6440662500000001 0.3531448046875 0.7369026546875 0.37404342343749997 0.7097310203125
0 0.398425146875 0.7255811421875 0.4802780734375 0.6553877625 0.4715703171875 0.6350090374999999 0.387108503125 0.7098052546875 0.398425146875 0.7255811421875