0 0.7265625 0.6078125 0.009375 0.06796875
0 0.75703125 0.525 0.040625 0.0125
0 0.73671875 0.4625 0.0203125 0.06171875
0 0.775 0.44375 0.00703125 0.05703125
0 0.76953125 0.44453125 0.00859375 0.0484375
0 0.64921875 0.475 0.0109375 0.05078125
0 0.65703125 0.42421875 0.0140625 0.04296875
0 0.5453125 0.40078125 0.015625 0.07421875
0 0.52109375 0.3859375 0.01796875 0.046875
0 0.50078125 0.35703125 0.00703125 0.03984375
0 0.54609375 0.37109375 0.00703125 0.01953125
0 0.590625 0.35078125 0.05 0.02109375
0 0.425 0.51875 0.0140625 0.0765625
0 0.4703125 0.459375 0.0265625 0.0359375
0 0.4640625 0.67578125 0.0109375 0.08515625
0 0.40859375 0.4984375 0.01875 0.06953125
0 0.3796875 0.37109375 0.01171875 0.0359375
0 0.390625 0.39296875 0.009375 0.09765625
0 0.41640625 0.35546875 0.01640625 0.03359375
0 0.45189089375 0.42475690625 0.435170490625 0.3514218046875 0.4281303203125 0.35435520781249996 0.44573074375 0.4300370328125 0.45189089375 0.42475690625
0 0.44765625 0.36796875 0.01171875 0.04609375
0 0.46817128593749996 0.39366282343750003 0.47125135937499996 0.35787529375 0.4668512546875 0.3572886125 0.46421119062500005 0.3924894609375 0.46817128593749996 0.39366282343750003
0 0.46171875 0.3765625 0.00546875 0.0109375
0 0.47521145625 0.3924894609375 0.47697149687499996 0.353768528125 0.47169137031249997 0.35435520781249996 0.46949131718750003 0.3919027796875 0.47521145625 0.3924894609375
0 0.231445578125 0.4400106078125 0.242005834375 0.436490521875 0.2323256015625 0.38838269531249997 0.225725440625 0.3889693765625 0.231445578125 0.4400106078125
0 0.2596062578125 0.4077431625 0.227485484375 0.3760623984375 0.2226453671875 0.3807558453125 0.2547661421875 0.41595669375 0.2596062578125 0.4077431625
0 0.256526184375 0.378995803125 0.227485484375 0.35846197343749997 0.22528542968749998 0.36550214375 0.2538861203125 0.3889693765625 0.256526184375 0.378995803125
0 0.27720668125 0.4253435859375 0.27852671406249996 0.3772357609375 0.2701665125 0.3748890375 0.2670864375 0.424170225 0.27720668125 0.4253435859375
0 0.2833668296875 0.420650140625 0.28600689375 0.3813425265625 0.2776466921875 0.3795824828125 0.2763266609375 0.41771673593749997 0.2833668296875 0.420650140625
0 0.3168076375 0.3960095453125 0.2829268203125 0.3713689515625 0.2776466921875 0.378995803125 0.31240753125 0.40715648125000004 0.3168076375 0.3960095453125
0 0.33264801875 0.4294503515625 0.34716836875 0.4083298421875 0.34276826250000003 0.40070299218749994 0.327367890625 0.420063459375 0.33264801875 0.4294503515625
0 0.353768528125 0.4171300546875 0.35860864531250003 0.39307614218750003 0.3511284640625 0.38603597343749996 0.3458483375 0.41126324687500004 0.353768528125 0.4171300546875
0 0.365208803125 0.3965962265625 0.3542085390625 0.361395378125 0.346288346875 0.366088825 0.35904865625000004 0.4001163109375 0.365208803125 0.3965962265625
0 0.3265625 0.378125 0.040625 0.02265625
0 0.340625 0.34921875 0.025 0.02265625
0 0.70445698125 0.4986786875 0.711057140625 0.44763745781250003 0.7018169171875 0.44763745781250003 0.6947767484375 0.4969186453125 0.70445698125 0.4986786875
0 0.714137215625 0.42769030937499997 0.6886166 0.4546776265625 0.691696675 0.46406452031249995 0.7180973093749999 0.4335571171875 0.714137215625 0.42769030937499997
0 0.6912566640625 0.4804915828125 0.699176853125 0.4147833328125 0.6881765890625 0.41302328906249997 0.678936365625 0.47814485937500006 0.6912566640625 0.4804915828125
0 0.7015625 0.43359375 0.0125 0.01328125