0 0.77734375 0.2828125 0.165625 0.03046875
0 0.8 0.20390625 0.08203125 0.134375
0 0.70390625 0.3515625 0.06328125 0.06796875
0 0.36171875 0.32265625 0.0515625 0.11953125
0 0.35 0.11640625 0.18203125 0.2078125
0 0.22421875 0.06328125 0.0640625 0.1265625
0 0.08748925156250001 0.151852596875 0.25253416875 0.1793322375 0.254289965625 0.12960717187499998 0.090122946875 0.10867030312499999 0.08748925156250001 0.151852596875
0 0.17176750624999998 0.25130272656249997 0.09890193281250001 0.09820186875 0.06937434218750001 0.12019734062500001 0.134017871875 0.281399478125 0.17176750624999998 0.25130272656249997
0 0.0910008453125 0.20026910781249999 0.07344287499999999 0.06156234687499999 0.0356664765625 0.068899184375 0.0514954140625 0.208120434375 0.0910008453125 0.20026910781249999
0 0.09609375 0.24765625 0.03359375 0.07578125
0 0.05 0.27578125 0.06796875 0.08984375
0 0.4734375 0.915625 0.18515625 0.04296875