0 0.8515625 0.71484375 0.03984375 0.08203125
0 0.78828125 0.71328125 0.034375 0.07578125
0 0.68046875 0.7046875 0.034375 0.09765625
0 0.6 0.82890625 0.0546875 0.04453125
0 0.46171875 0.91015625 0.046875 0.03671875
0 0.4546875 0.8734375 0.05859375 0.0421875
0 0.5 0.88984375 0.03046875 0.03203125
0 0.35234375 0.82421875 0.03828125 0.07578125
0 0.38671875 0.8109375 0.015625 0.0765625
0 0.371875 0.7578125 0.02578125 0.07734375
0 0.41328125 0.78203125 0.03203125 0.0421875
0 0.362325196875 0.73045643125 0.2714352 0.6598794812500001 0.2578016984375 0.6894762671875 0.3517213640625 0.76460656875 0.362325196875 0.73045643125
0 0.271875 0.75 0.053125 0.0796875
0 0.571875 0.6359375 0.1046875 0.0296875
0 0.584375 0.56875 0.08828125 0.078125
0 0.5890625 0.49296875 0.04375 0.046875
0 0.70390625 0.4640625 0.1203125 0.03671875
0 0.65390625 0.40234375 0.10546875 0.0546875
0 0.57421875 0.40390625 0.0484375 0.05703125
0 0.4921875 0.4390625 0.0515625 0.04140625
0 0.5046875 0.4 0.03671875 0.0421875
0 0.40019602968749995 0.6735395359374999 0.485026690625 0.6075159343750001 0.4664109859375 0.575250453125 0.3850476953125 0.6462194265625001 0.40019602968749995 0.6735395359374999
0 0.4017108625 0.637112721875 0.48199702499999997 0.5460456890625001 0.460789359375 0.5141722296875 0.3820180296875 0.6143459625000001 0.4017108625 0.637112721875
0 0.3875 0.5359375 0.040625 0.0421875
0 0.26640625 0.51484375 0.01796875 0.12578125
0 0.31328125 0.49453125 0.07109375 0.04296875
0 0.16171875 0.615625 0.02265625 0.084375
0 0.2 0.6078125 0.0421875 0.06796875
0 0.21484375 0.546875 0.08203125 0.02578125
0 0.23125 0.58046875 0.0359375 0.03203125
0 0.265625 0.62578125 0.03671875 0.08671875
0 0.445641025 0.505065525 0.3850476953125 0.4048917921875 0.37292902968749997 0.4299352234375 0.4320075265625 0.5301089625000001 0.445641025 0.505065525
0 0.39868119687500003 0.4663620375 0.3653548625 0.4026151140625 0.345198865625 0.4277094703125 0.38353286249999996 0.4891287984375 0.39868119687500003 0.4663620375
0 0.43503719218750003 0.45497866093750006 0.4017108625 0.37757168281250003 0.3876231046875 0.394922584375 0.4198888625 0.477745415625 0.43503719218750003 0.45497866093750006
0 0.44867069531250003 0.42538187499999996 0.44109652656250004 0.3821250328125 0.41065341093749996 0.3839936234375 0.42291852656250006 0.4299352234375 0.44867069531250003 0.42538187499999996