0 1 0.24072109375 0.5811646359375 0.040203178125 0.5024686671875 0.1527060671875 1 0.39975254374999997 1 0.24072109375
0 0.80390625 0.05390625 0.3890625 0.1078125
0 0.53125 0.84375 0.67421875 0.08515625
0 0.61171875 0.946875 0.30390625 0.10625
0 0.9296875 0.8734375 0.140625 0.1125
0 0.7453125 0.68046875 0.28984375 0.15234375
0 0.81861840625 0.5495647781249999 0.12269620156250001 0.1854058078125 0.025888125 0.27529314843749997 0.7528619796875 0.64636653125 0.81861840625 0.5495647781249999
0 0.6834524140625 0.47581106249999994 0.8843748359375001 0.298341184375 0.816704271875 0.22462197968750003 0.5683786640624999 0.43201979375 0.6834524140625 0.47581106249999994
0 0 0.8998949296875001 0.0185818546875 0.9897822703125 0.530020746875 0.6440617265624999 0.467917453125 0.5172975281250001 0.468852765625 0.5307256125 0 0.8998949296875001
0 0 0.5265167421875 0.343710865625 0.6140992796875 0.37293594531249996 0.51960233125 0.0011532640625 0.409021759375 0 0.5265167421875
0 0.530020746875 0.39975254374999997 0.7053712234375 0.3352180421875 0.676394421875 0.26518993125 0.44234550781250004 0.3375228453125 0.530020746875 0.39975254374999997
0 0.44234550781250004 0.330608434375 0.6085631484375 0.243025896875 0.567508896875 0.17483404062500002 0.40946729375 0.2706835421875 0.44234550781250004 0.330608434375
0 0 0.7201202453125 0.254209059375 0.69476740625 0.254209059375 0.6094896734375 0.0021427484375 0.6187088859375 0 0.7201202453125