0 0.055309734374999996 0.5973451328125 0.20648967499999998 0.73838495625 0.2599557515625 0.6692477875 0.13274336250000002 0.5226769906250001 0.055309734374999996 0.5973451328125
0 0.5162241890625 0.16592920312499998 0.459070796875 0.02212389375 0.3834808265625 0.0304203546875 0.42404129843750005 0.212942478125 0.5162241890625 0.16592920312499998
0 0.5088495578125001 0.33738938125 0.5346607671875 0.43141592968750003 0.61762536875 0.34292035468750004 0.5088495578125001 0.33738938125
0 0.577064896875 0.5448008843750001 0.6231563421875 0.5337389375 0.5678466078125 0.41482300937499994 0.54387905625 0.43694690312500006 0.577064896875 0.5448008843750001
0 0.643436578125 0.4839601765625 0.6969026546875 0.412057521875 0.6268436578125 0.37057522187499997 0.577064896875 0.39269911562500004 0.643436578125 0.4839601765625
0 0.8333333328125001 0 0.83886430625 0.06084070781249999 0.8923303828125 0.058075221875000006 0.9033923296875 0.06913716875 0.9052359875 0 0.8333333328125001 0
0 0.842551621875 0.3733407078125 0.8443952796874999 0.1631637171875 0.798303834375 0.19081858437500002 0.7872418875 0.4092920359375 0.842551621875 0.3733407078125
0 0.7116519171875 0.5005530968749999 0.7872418875 0.5171460171875 0.8812684359375 0.3982300890625 0.8554572265625 0.38163716875000003 0.7853982296875001 0.434181415625 0.7116519171875 0.5005530968749999
0 0.7153392328125 0.34292035468750004 0.6932153390625 0.459070796875 0.7558997046875 0.47013274374999997 0.776179940625 0.30420353906250003 0.7153392328125 0.34292035468750004
0 0.7872418875 0.2627212390625 0.798303834375 0.2737831859375 0.731932153125 0.19634955781250002 0.6747787609375 0.2488938046875 0.7374631265625 0.3401548671875 0.7872418875 0.2627212390625
0 0.89786135625 0.5199115046875 0.9992625374999999 0.40652654843749997 1 0.3512168140625 0.879424778125 0.42311946875000006 0.89786135625 0.5199115046875
0 0.8480825953125001 0.33462389375 1 0.32079646093749997 0.8517699109375 0.24059734531250002 0.8480825953125001 0.33462389375