0 0.2037549234375 0.7336729828124999 0.192023078125 0.759581771875 0.1959911875 0.76488793125 0.20858571406249998 0.7388547562500001 0.2037549234375 0.7336729828124999
0 0.21953125 0.725 0.01484375 0.0203125
0 0.209375 0.75078125 0.00859375 0.0234375
0 0.3078125 0.70625 0.0109375 0.021875
0 0.3234375 0.703125 0.0109375 0.015625
0 0.32890625 0.72109375 0.01328125 0.01953125
0 0.3328125 0.69765625 0.00859375 0.0265625
0 0.33828125 0.6640625 0.01015625 0.025
0 0.35234375 0.6546875 0.01484375 0.01640625
0 0.3765625 0.671875 0.02734375 0.02421875
0 0.3828125 0.7359375 0.01015625 0.01953125
0 0.325 0.60078125 0.0203125 0.0046875
0 0.31484375 0.615625 0.01484375 0.00625
0 0.325 0.61796875 0.0109375 0.0171875
0 0.33515625 0.61328125 0.0078125 0.01484375
0 0.3375 0.625 0.0078125 0.015625
0 0.3546875 0.6125 0.009375 0.02265625
0 0.3203125 0.58203125 0.00546875 0.01640625
0 0.3115868703125 0.6012557953125001 0.2952483640625 0.5945614015625 0.29326793906250004 0.6015037375000001 0.3096064453125 0.609933715625 0.3115868703125 0.6012557953125001
0 0.3015625 0.5890625 0.0109375 0.01796875
0 0.2592706421875 0.661287159375 0.270328015625 0.616409921875 0.263891634375 0.6131866953125 0.2533293671875 0.65806393125 0.2592706421875 0.661287159375
0 0.26640625 0.65 0.00625 0.01953125
0 0.299539284375 0.618115753125 0.28864694687500003 0.590098471875 0.28485113281249996 0.592577878125 0.2944231859375 0.6218348609375 0.299539284375 0.618115753125
0 0.2850161671875 0.6218348609375 0.279239928125 0.5943134625 0.2754441140625 0.5948093421875 0.27990007031249997 0.6240663265624999 0.2850161671875 0.6218348609375
0 0.2119054765625 0.723242540625 0.19672221875 0.7009278921875 0.19424668750000001 0.7034072984375 0.2092649109375 0.72671370625 0.2119054765625 0.723242540625
0 0.24029156875000002 0.68977056875 0.22246774375 0.6664641578125 0.21966214218750002 0.670183265625 0.236660790625 0.695721140625 0.24029156875000002 0.68977056875
0 0.2556398625 0.664510384375 0.238641215625 0.6459148453125 0.2355055421875 0.64910831875 0.252669225 0.6697171359375 0.2556398625 0.664510384375
0 0.240621640625 0.6689435640625 0.23038944374999998 0.6562985968749999 0.2280789484375 0.6592738828125 0.23831114375 0.6724147296874999 0.240621640625 0.6689435640625
0 0.4015625 0.73359375 0.01015625 0.01640625
0 0.2671875 0.8046875 0.01015625 0.01015625
0 0.4109375 0.7890625 0.01875 0.015625
0 0.40859375 0.82265625 0.025 0.015625
0 0.37578125 0.83828125 0.02890625 0.01171875
0 0.39765625 0.8578125 0.0171875 0.01484375
0 0.40625 0.8890625 0.01796875 0.01640625
0 0.3796875 0.88046875 0.0125 0.01640625
0 0.3730543734375 0.9347698937500001 0.35797058593750003 0.9246533375 0.35393028593750003 0.930723271875 0.3690140734375 0.9396258421875 0.3730543734375 0.9347698937500001
0 0.35625 0.93984375 0.0078125 0.0140625
0 0.41484375 0.99296875 0.0140625 0.0140625
0 0.35625 0.98828125 0.02734375 0.0078125
0 0.3390625 0.9859375 0.00625 0.01640625
0 0.31171875 0.99296875 0.0109375 0.0140625
0 0.45390625 0.8046875 0.0078125 0.02109375
0 0.46171875 0.79921875 0.01484375 0.0046875
0 0.46796875 0.83046875 0.02890625 0.01796875
0 0.48125 0.74765625 0.00546875 0.02421875
0 0.47734375 0.7296875 0.025 0.0109375
0 0.4625 0.75 0.01328125 0.025
0 0.4484375 0.771875 0.021875 0.01796875
0 0.4921875 0.696875 0.0125 0.01484375
0 0.5109375 0.71484375 0.0109375 0.01484375
0 0.5203125 0.74765625 0.00859375 0.0125
0 0.52578125 0.76796875 0.0109375 0.025
0 0.4125 0.69921875 0.01171875 0.01328125
0 0.3609375 0.7734375 0.0171875 0.02890625
0 0.46328125 0.896875 0.03203125 0.034375
0 0.4609375 0.871875 0.0140625 0.025
0 0.42734375 0.82890625 0.01640625 0.00859375
0 0.5640625 0.88359375 0.01171875 0.0328125
0 0.55078125 0.8734375 0.0125 0.0390625
0 0.5609375 0.825 0.01328125 0.01875
0 0.5796875 0.825 0.01796875 0.01484375
0 0.59375 0.83671875 0.00859375 0.00859375
0 0.60625 0.8328125 0.00625 0.03359375
0 0.5984375 0.809375 0.0140625 0.02265625
0 0.63359375 0.840625 0.00625 0.0234375
0 0.64375 0.76796875 0.01484375 0.0125
0 0.59609375 0.72109375 0.01015625 0.04140625
0 0.6171875 0.73203125 0.015625 0.0265625
0 0.63046875 0.7015625 0.0140625 0.03125
0 0.54921875 0.72734375 0.0171875 0.0296875
0 0.55390625 0.771875 0.0109375 0.02109375
0 0.5484375 0.8109375 0.01640625 0.02890625
0 0.5671875 0.80703125 0.0140625 0.01171875
0 0.57109375 0.79609375 0.01796875 0.01171875
0 0.56640625 0.77734375 0.015625 0.02578125
0 0.571875 0.72421875 0.01328125 0.0171875
0 0.5984375 0.6921875 0.02109375 0.01328125
0 0.5859375 0.67578125 0.01640625 0.00703125
0 0.6015625 0.665625 0.01953125 0.0078125
0 0.45859375 0.68515625 0.0171875 0.040625
0 0.434375 0.66484375 0.009375 0.0171875
0 0.42734375 0.8640625 0.01640625 0.00859375
0 0.39375 0.71484375 0.01015625 0.01484375
0 0.501792275 0.6759486109374999 0.47734683125000005 0.6436896828124999 0.4714006421875 0.652126634375 0.4971674609375 0.6848818515625 0.501792275 0.6759486109374999
0 0.4890625 0.6453125 0.01171875 0.01171875
0 0.5015625 0.634375 0.01328125 0.01171875
0 0.53251425 0.6769411921875 0.5500224734375 0.6650302046875 0.5470493796875 0.6536155078125 0.5288804687499999 0.66354133125 0.53251425 0.6769411921875
0 0.5235949671875 0.682400396875 0.52722875 0.6506377578125 0.5199611859375 0.6546080890625 0.518309465625 0.6799189390625 0.5235949671875 0.682400396875
0 0.53828125 0.64453125 0.009375 0.0328125
0 0.514345340625 0.648156303125 0.5305321875 0.6129196296874999 0.5245859984375 0.6039863875 0.5103812140625 0.6441859734375 0.514345340625 0.648156303125
0 0.5252466859375 0.6426971015625 0.5057564 0.6565932531249999 0.5090598390625 0.664037621875 0.5268984062500001 0.64865259375 0.5252466859375 0.6426971015625
0 0.53046875 0.63515625 0.00546875 0.02265625
0 0.5390625 0.703125 0.00859375 0.015625
0 0.3765625 0.6296875 0.0109375 0.01328125
0 0.38125 0.61875 0.0171875 0.0140625
0 0.36484375 0.60859375 0.00859375 0.015625
0 0.37265625 0.60546875 0.01484375 0.01171875
0 0.42184906875 0.6248306171875 0.4410090109375 0.5950531453125001 0.437044884375 0.58909765 0.4175545984375 0.6178825406249999 0.42184906875 0.6248306171875
0 0.43203125 0.63125 0.0171875 0.0125
0 0.4484375 0.65078125 0.02109375 0.01640625
0 0.4578125 0.62265625 0.0078125 0.01484375
0 0.51953125 0.5875 0.015625 0.01015625
0 0.5421875 0.5953125 0.0109375 0.0171875
0 0.54921875 0.59453125 0.009375 0.01796875
0 0.55078125 0.6203125 0.0109375 0.0171875
0 0.5625 0.6 0.01953125 0.01328125
0 0.559375 0.62890625 0.00859375 0.0171875
0 0.47890625 0.62109375 0.00625 0.02109375
0 0.4875 0.60703125 0.0140625 0.0109375
0 0.45058898125 0.6168899578125 0.48263233281250006 0.596045728125 0.4806502703125 0.5871124859375 0.44794623125 0.606964134375 0.45058898125 0.6168899578125
0 0.475 0.58046875 0.0125 0.00859375
0 0.4765625 0.56796875 0.015625 0.01328125
0 0.48428405156250004 0.5191205921875001 0.4684275484375 0.5543572671875 0.47173098593749996 0.559320178125 0.48857852187499995 0.5225946312499999 0.48428405156250004 0.5191205921875001
0 0.4859375 0.55546875 0.01328125 0.01953125
0 0.490625 0.534375 0.00703125 0.021875
0 0.4953125 0.53671875 0.0046875 0.02890625
0 0.5015625 0.55390625 0.01796875 0.0078125
0 0.5232646234375 0.54790548125 0.5123632765624999 0.528550125 0.5080688078125 0.5320241625000001 0.5189701531249999 0.5528683937500001 0.5232646234375 0.54790548125
0 0.5255770296875 0.5429425703125 0.518639809375 0.5270612515625 0.5130239640625 0.5320241625000001 0.5216129046875 0.5464166078125 0.5255770296875 0.5429425703125
0 0.52734375 0.53828125 0.00859375 0.0140625
0 0.542518421875 0.557093971875 0.5272248515625 0.5764721015625 0.531048234375 0.58436690625 0.5482535171875 0.5621179359374999 0.542518421875 0.557093971875
0 0.5420404828125001 0.5728835640625001 0.5539886109375 0.554940846875 0.5482535171875 0.5506345968749999 0.5366638328125 0.5727914171874999 0.5420404828125001 0.5728835640625001
0 0.53671875 0.53984375 0.00859375 0.01953125
0 0.54609375 0.53203125 0.00625 0.02109375
0 0.40703125 0.64609375 0.01484375 0.028125
0 0.42184906875 0.5657719640625001 0.40401050156249996 0.597038309375 0.408304971875 0.603490096875 0.4274649140625 0.5717274578125 0.42184906875 0.5657719640625001
0 0.42265625 0.59609375 0.009375 0.0171875
0 0.39938568750000003 0.61490479375 0.4162332234375 0.6243343265625 0.411938753125 0.642200809375 0.4188759734375 0.64517855625 0.42184906875 0.622845453125 0.410617378125 0.6109344625 0.39938568750000003 0.61490479375
0 0.5050957125 0.6178825406249999 0.5037743375 0.5841347390625 0.49419436718750004 0.5831421578125 0.4935336796875 0.61837883125 0.5050957125 0.6178825406249999
0 0.5103812140625 0.6660227859375001 0.5255770296875 0.67545231875 0.52722875 0.6690005328125 0.5120329328125 0.6605635828125 0.5103812140625 0.6660227859375001
0 0.65625 0.7546875 0.0109375 0.025
0 0.661018 0.7533700375 0.6669641890625 0.7176370703125 0.662339375 0.7166444875 0.6577145609375 0.745429378125 0.661018 0.7533700375
0 0.65625 0.68203125 0.01796875 0.0109375
0 0.6546875 0.67421875 0.01171875 0.0078125
0 0.6546875 0.66171875 0.0109375 0.01171875
0 0.6375 0.6671875 0.0140625 0.01328125
0 0.640625 0.653125 0.0109375 0.0140625
0 0.6484375 0.6421875 0.01171875 0.00859375
0 0.67109375 0.709375 0.00625 0.0109375
0 0.68046875 0.6953125 0.0125 0.0171875
0 0.6921875 0.6859375 0.00859375 0.0171875
0 0.68515625 0.66953125 0.015625 0.00859375
0 0.67109375 0.6734375 0.0125 0.025
0 0.6375 0.69296875 0.00859375 0.01640625
0 0.67890625 0.71953125 0.01015625 0.01953125
0 0.69609375 0.6234375 0.0109375 0.02265625
0 0.703125 0.646875 0.00859375 0.01875
0 0.68046875 0.634375 0.0171875 0.0265625
0 0.6157608953125 0.652126634375 0.6293049921875 0.634756440625 0.6263318984375 0.6283046546875 0.61245745625 0.645674846875 0.6157608953125 0.652126634375
0 0.624680178125 0.6312824015625 0.60981470625 0.610438171875 0.6051898921875 0.6158973750000001 0.622037428125 0.63674160625 0.624680178125 0.6312824015625
0 0.5999043921875 0.64517855625 0.593627859375 0.6253269078125 0.5856996062500001 0.629793528125 0.5893333890625 0.6496451765625 0.5999043921875 0.64517855625
0 0.60390625 0.6265625 0.00390625 0.0265625
0 0.6078125 0.64765625 0.00625 0.02109375
0 0.6334889796875001 0.583649190625 0.6263201125 0.608051284375 0.6296655546875 0.6158719359375 0.6387461359375 0.58652003125 0.6334889796875001 0.583649190625
0 0.61953125 0.60859375 0.003125 0.028125
0 0.5612541640625001 0.6953039671875 0.5751286046875 0.6729708640625 0.571494821875 0.669993115625 0.55762038125 0.6903410546875001 0.5612541640625001 0.6953039671875
0 0.57734375 0.6625 0.01015625 0.00859375
0 0.56640625 0.62109375 0.0078125 0.015625
0 0.578125 0.62109375 0.01171875 0.015625
0 0.5875 0.6109375 0.00859375 0.02265625
0 0.57890625 0.59921875 0.0078125 0.01171875
0 0.59609375 0.590625 0.00703125 0.01328125
0 0.59921875 0.59765625 0.01640625 0.00625
0 0.578125 0.5875 0.021875 0.01171875
0 0.5671875 0.56328125 0.01015625 0.02109375
0 0.57890625 0.5484375 0.02265625 0.0109375
0 0.58984375 0.56875 0.01015625 0.0203125
0 0.58125 0.56875 0.0140625 0.0046875
0 0.60078125 0.571875 0.00625 0.02265625
0 0.6046875 0.55703125 0.01484375 0.0078125
0 0.60703125 0.54453125 0.00703125 0.01953125
0 0.60703125 0.58359375 0.01171875 0.0125
0 0.61015625 0.571875 0.01015625 0.01015625
0 0.58125 0.53203125 0.01796875 0.01328125
0 0.58671875 0.52109375 0.01328125 0.01171875
0 0.59296875 0.5109375 0.0203125 0.0140625
0 0.59765625 0.52890625 0.01328125 0.01015625
0 0.61875 0.51796875 0.00859375 0.01484375
0 0.63046875 0.509375 0.01171875 0.0109375
0 0.5315232187500001 0.523090921875 0.5153363718749999 0.5136613890625 0.5130239640625 0.523090921875 0.53020184375 0.5315278703125 0.5315232187500001 0.523090921875
0 0.5391211265625 0.521602046875 0.5226039359375 0.5091947671875 0.5206218734375 0.5161428453125 0.5374694078125 0.5275575421875 0.5391211265625 0.521602046875
0 0.5420404828125001 0.51762001875 0.534871615625 0.49465333593749994 0.528419634375 0.4974005078125 0.5339157812499999 0.5204908406250001 0.5420404828125001 0.51762001875
0 0.52890625 0.5109375 0.00625 0.009375
0 0.50625 0.52265625 0.0109375 0.0265625
0 0.5203125 0.4921875 0.01875 0.0109375
0 0.47109375 0.5296875 0.00625 0.01484375
0 0.478125 0.51796875 0.00625 0.01328125
0 0.4953125 0.5046875 0.00546875 0.03125
0 0.46611514062500004 0.5732163328125 0.43836625937499996 0.573712625 0.43770557187500003 0.5801644078125 0.46115998437499994 0.5821495750000001 0.45884757656249997 0.5990234734375 0.463802734375 0.5985271828125 0.46611514062500004 0.5732163328125
0 0.55431694375 0.49678748749999996 0.543415596875 0.47693584062500005 0.540772846875 0.4799135875 0.5513438484375001 0.5002615265625 0.55431694375 0.49678748749999996
0 0.543415596875 0.474454384375 0.53020184375 0.47048405468750004 0.5262377171875 0.4794172953125 0.540112159375 0.48537279062499994 0.543415596875 0.474454384375
0 0.56015625 0.49765625 0.01328125 0.01328125
0 0.571875 0.4984375 0.00859375 0.0140625
0 0.593627859375 0.5002615265625 0.5771106671874999 0.4883505375 0.572485853125 0.4943060328125 0.5890030453125 0.5047281484374999 0.593627859375 0.5002615265625
0 0.5890625 0.478125 0.0109375 0.02109375
0 0.5578125 0.44765625 0.009375 0.01484375
0 0.56328125 0.43671875 0.00859375 0.0171875
0 0.60703125 0.509375 0.01015625 0.0171875
0 0.62109375 0.53984375 0.01015625 0.0125
0 0.628125 0.54765625 0.0109375 0.0140625
0 0.6296875 0.53359375 0.0078125 0.01328125
0 0.6686159078125 0.5543572671875 0.6534200921875 0.534009328125 0.6487952781249999 0.53946853125 0.66399109375 0.56279421875 0.6686159078125 0.5543572671875
0 0.65786313125 0.5893908546875 0.6406578484375001 0.5764721015625 0.637192865625 0.5808690140625 0.65595141875 0.5958502296875 0.65786313125 0.5893908546875
0 0.6557324984374999 0.5717274578125 0.63657255625 0.5543572671875 0.63260843125 0.55981646875 0.6534200921875 0.5756977890625 0.6557324984374999 0.5717274578125
0 0.648464934375 0.5613053421875 0.6362422125 0.5484017718749999 0.6329387750000001 0.5528683937500001 0.647804246875 0.5647793828125 0.648464934375 0.5613053421875
0 0.653125 0.55625 0.0109375 0.0140625
0 0.6263318984375 0.5012541078125 0.6114664249999999 0.484380209375 0.6068416125 0.49033570156249995 0.622037428125 0.5077058937500001 0.6263318984375 0.5012541078125
0 0.6045292046874999 0.49926894375 0.596270609375 0.48189875156250006 0.5906547640625 0.49281715937500004 0.6005650796875 0.5062170218750001 0.6045292046874999 0.49926894375
0 0.559375 0.484375 0.0109375 0.0140625
0 0.5578125 0.46484375 0.0109375 0.015625
0 0.5421875 0.46328125 0.01328125 0.01875
0 0.565625 0.4640625 0.00859375 0.015625
0 0.5235949671875 0.4709803453125 0.518639809375 0.46055822968750004 0.5107115578125 0.46552114375000003 0.515997059375 0.4799135875 0.5235949671875 0.4709803453125
0 0.6904186 0.58463103125 0.6801779421874999 0.5677571296874999 0.674562096875 0.5712311671875 0.68678481875 0.5900902328125001 0.6904186 0.58463103125
0 0.64453125 0.6265625 0.00859375 0.01484375
0 0.65625 0.62265625 0.009375 0.01328125
0 0.63125 0.62265625 0.01484375 0.00859375
0 0.6375 0.60859375 0.01015625 0.01171875
0 0.62265625 0.5875 0.015625 0.01328125
0 0.62421875 0.5734375 0.0171875 0.009375
0 0.62421875 0.5625 0.0171875 0.009375
0 0.6671875 0.61796875 0.0078125 0.009375
0 0.6796875 0.60859375 0.0140625 0.00625
0 0.68046875 0.6015625 0.015625 0.01328125
0 0.4765625 0.5078125 0.0140625 0.01640625
0 0.45625 0.52578125 0.01015625 0.015625
0 0.46171875 0.5 0.0109375 0.01875
0 0.6578125 0.71015625 0.00859375 0.01015625
0 0.6640625 0.7015625 0.01171875 0.01328125
0 0.64765625 0.703125 0.0125 0.0125
0 0.3390625 0.59453125 0.009375 0.0109375
0 0.378125 0.5953125 0.01796875 0.01328125
0 0.396875 0.59453125 0.0140625 0.0125
0 0.4015625 0.57734375 0.01171875 0.0140625
0 0.43046875 0.58203125 0.00703125 0.015625
0 0.4390625 0.5859375 0.01015625 0.015625
0 0.440625 0.56484375 0.00703125 0.015625
0 0.4515625 0.559375 0.009375 0.01171875
0 0.47920024687499996 0.46966829375 0.474164190625 0.49236601875 0.47920024687499996 0.49469399062499997 0.48346152656249997 0.4725782578125 0.47920024687499996 0.46966829375
0 0.48828125 0.48359375 0.01171875 0.0171875
0 0.60859375 0.678125 0.00625 0.01171875
0 0.6171875 0.6734375 0.009375 0.01640625
0 0.6609375 0.6046875 0.0078125 0.01953125
0 0.684375 0.75078125 0.00859375 0.02734375