0 0.615625 0.96796875 0.05625 0.02890625
0 0.7625 0.98046875 0.01171875 0.0390625
0 0.409375 0.790625 0.05234375 0.0328125
0 0.19296875 0.78671875 0.03203125 0.06328125
0 0.609375 0.809375 0.03046875 0.04609375
0 0.62890625 0.72109375 0.021875 0.059375
0 0.5265625 0.62421875 0.0203125 0.0796875
0 0.57890625 0.6578125 0.03671875 0.059375
0 0.57265625 0.528125 0.02890625 0.08515625
0 0.603125 0.54609375 0.0234375 0.10078125
0 0.63203125 0.56328125 0.02578125 0.14609375
0 0.45234375 0.53125 0.0578125 0.03203125
0 0.49140625 0.48125 0.03046875 0.09140625
0 0.35859375 0.54453125 0.03203125 0.046875
0 0.378125 0.43125 0.0203125 0.096875
0 0.16015625 0.371875 0.03671875 0.03359375
0 0.196875 0.3125 0.046875 0.0453125
0 0.26875 0.38671875 0.02109375 0.078125
0 0.3343610828125 0.44625538281250005 0.3198954046875 0.3587686546875 0.29910099218749997 0.3575188484375 0.318087196875 0.45625386875 0.3343610828125 0.44625538281250005
0 0.287347628125 0.4350070890625 0.35244318125 0.38751429375 0.3413091328125 0.3657877375 0.2774024734375 0.41251050312500004 0.287347628125 0.4350070890625
0 0.7692355453124999 0.6137299796875 0.7421123984375 0.543740596875 0.7254535828125 0.5467754874999999 0.7484411328125 0.631227325 0.7692355453124999 0.6137299796875
0 0.6978112578125 0.6537239109375 0.728550825 0.5524892671875 0.710261428125 0.5357762296875 0.671592215625 0.6387261828125 0.6978112578125 0.6537239109375
0 0.794550484375 0.6912182203125 0.8361393109374999 0.627477890625 0.8281814765625001 0.6167707484375 0.7827971218750001 0.6699714453125 0.794550484375 0.6912182203125
0 0.8246258750000001 0.693483503125 0.858077753125 0.6434910890625 0.846324390625 0.6234941203125001 0.8137766140625 0.6697371046875 0.8246258750000001 0.693483503125
0 0.8788721671875 0.7047317953125 0.8842968000000001 0.6334926015625 0.8614595265625 0.6327696656249999 0.8607900687500001 0.703481984375 0.8788721671875 0.7047317953125
0 0.511805571875 0.980939890625 0.5579149250000001 0.9284478593750001 0.54531805 0.91275070625 0.5009563140625 0.9609429265625 0.511805571875 0.980939890625
0 0.09765625 0.94453125 0.03984375 0.0328125
0 0.66640625 0.83203125 0.034375 0.0515625
0 0.665625 0.5671875 0.01953125 0.1015625