0 0.73515625 0.42890625 0.0375 0.04453125
0 0.38203125 0.3078125 0.03515625 0.034375
0 0.5140625 0.428125 0.06328125 0.03203125
0 0.609375 0.3921875 0.05703125 0.034375
0 0.15078125 0.4625 0.0296875 0.05703125
0 0.21640625 0.43671875 0.0515625 0.059375
0 0.084375 0.61640625 0.046875 0.05234375
0 0.33671875 0.61015625 0.059375 0.03984375
0 0.3859375 0.48359375 0.03125 0.03984375
0 0.67421875 0.56953125 0.03359375 0.02734375
0 0.54296875 0.6078125 0.03515625 0.04921875
0 0.28359375 0.8 0.059375 0.0171875
0 0.3515625 0.9140625 0.03359375 0.02734375
0 0.56875 0.91875 0.0390625 0.0375