0 0.42265625 0.4390625 0.021875 0.028125
0 0.446875 0.41328125 0.05234375 0.02109375
0 0.453125 0.37890625 0.0296875 0.053125
0 0.278125 0.32578125 0.0328125 0.0578125
0 0.46328125 0.2578125 0.04140625 0.05078125
0 0.3008185859375 0.3978608140625 0.3552482921875 0.323273215625 0.33944611875 0.2984106828125 0.283260615625 0.3743068359375 0.3008185859375 0.3978608140625
0 0.2753595296875 0.42010623750000003 0.24199938593749998 0.3376673125 0.23146460468750002 0.3442100859375 0.2604352546875 0.42534045625 0.2753595296875 0.42010623750000003
0 0.24140625 0.40234375 0.0203125 0.02734375
0 0.22890625 0.36484375 0.0171875 0.040625
0 0.2046875 0.6 0.03671875 0.01953125
0 0.2296875 0.484375 0.03671875 0.06015625
0 0.43828125 0.6859375 0.02421875 0.0203125
0 0.45625 0.5328125 0.046875 0.03046875
0 0.32109375 0.43125 0.01640625 0.04375
0 0.228125 0.41015625 0.015625 0.034375
0 0.26875 0.36640625 0.0375 0.01171875
0 0.32109375 0.29765625 0.046875 0.01171875