0 0.64921875 0.24296875 0.03515625 0.03984375
0 0.9359375 0.74140625 0.02265625 0.03671875
0 0.74296875 0.7296875 0.01171875 0.0625
0 0.759375 0.6921875 0.0234375 0.02421875
0 0.7109375 0.63671875 0.02578125 0.0671875
0 0.57890625 0.82265625 0.02734375 0.05703125
0 0.52421875 0.4328125 0.0234375 0.0578125
0 0.459375 0.85859375 0.04296875 0.0640625
0 0.37265625 0.77890625 0.02734375 0.02578125
0 0.32578125 0.88984375 0.01484375 0.0515625
0 0.265625 0.8984375 0.03203125 0.040625
0 0.34921875 0.978125 0.0265625 0.0328125
0 0.38515625 0.9875 0.0234375 0.025
0 0.45546875 0.98515625 0.0203125 0.0296875
0 0.33515625 0.6328125 0.01953125 0.0546875
0 0.38828125 0.8984375 0.025 0.02734375