0 0.26171875 0.58671875 0.0203125 0.05078125
0 0.27578125 0.6421875 0.02265625 0.071875
0 0.24765625 0.721875 0.0140625 0.0609375
0 0.2921875 0.77265625 0.01484375 0.06640625
0 0.3140625 0.73984375 0.0546875 0.04921875
0 0.31796875 0.790625 0.02265625 0.05
0 0.41875 0.8890625 0.0171875 0.0578125
0 0.4234375 0.81171875 0.03203125 0.02578125
0 0.4671875 0.7890625 0.03203125 0.01796875
0 0.48515625 0.7203125 0.01484375 0.0640625
0 0.50390625 0.75703125 0.0171875 0.0578125
0 0.51640625 0.78515625 0.021875 0.04453125
0 0.60390625 0.6375 0.0140625 0.0484375
0 0.63359375 0.6484375 0.0234375 0.0484375
0 0.57109375 0.71875 0.02265625 0.0390625
0 0.5953125 0.7703125 0.01640625 0.06328125
0 0.5515625 0.871875 0.021875 0.04140625
0 0.48828125 0.89609375 0.01875 0.028125
0 0.4796875 0.96953125 0.021875 0.0421875
0 0.39921875 0.9859375 0.02109375 0.028125
0 0.35 0.5453125 0.021875 0.02890625
0 0.3609375 0.5296875 0.02890625 0.02890625
0 0.36171875 0.49765625 0.02265625 0.0453125
0 0.38125 0.51875 0.01796875 0.01953125
0 0.38203125 0.4953125 0.03046875 0.01796875
0 0.509375 0.56015625 0.0203125 0.0796875
0 0.51796875 0.52890625 0.03359375 0.04375
0 0.53671875 0.5453125 0.03203125 0.05390625
0 0.52265625 0.6484375 0.0109375 0.065625
0 0.546875 0.63203125 0.0265625 0.04296875
0 0.48828125 0.6203125 0.0390625 0.021875
0 0.4375 0.5578125 0.01640625 0.0421875
0 0.45703125 0.59453125 0.02109375 0.01953125
0 0.48125 0.55 0.0203125 0.02265625
0 0.42421875 0.490625 0.02109375 0.03671875
0 0.3703125 0.45546875 0.0109375 0.05859375
0 0.49765625 0.4734375 0.04765625 0.03984375
0 0.45859375 0.525 0.02734375 0.03203125
0 0.428125 0.728125 0.034375 0.025
0 0.51875 0.9796875 0.02890625 0.03515625
0 0.5390625 0.9390625 0.03046875 0.025
0 0.559375 0.91015625 0.0171875 0.0484375