0 0.5171875 0.02109375 0.0265625 0.0421875
0 0.58515625 0.0359375 0.05 0.05078125
0 0.64296875 0.05546875 0.02578125 0.06875
0 0.66796875 0.15625 0.021875 0.10078125
0 0.75703125 0.15 0.040625 0.0875
0 0.76953125 0.0640625 0.0390625 0.053125
0 0.82890625 0.221875 0.0359375 0.08203125
0 0.8546875 0.28515625 0.01875 0.08203125
0 0.43828125 0.271875 0.02421875 0.05078125
0 0.4796875 0.16484375 0.021875 0.07421875
0 0.42109375 0.02109375 0.02578125 0.0421875
0 0.3 0.01953125 0.0125 0.0390625
0 0.15390625 0.04921875 0.04140625 0.02890625
0 0.18203125 0.0078125 0.0390625 0.015625
0 0.1171875 0.0140625 0.05 0.028125
0 0.2828125 0.1828125 0.0359375 0.11171875
0 0.38671875 0.328125 0.03203125 0.0609375
0 0.56015625 0.2375 0.06484375 0.0453125
0 0.58046875 0.3328125 0.0296875 0.1296875
0 0.46328125 0.48984375 0.028125 0.06640625
0 0.53046875 0.5734375 0.03359375 0.053125
0 0.68203125 0.4140625 0.028125 0.11640625
0 0.634375 0.5796875 0.02421875 0.13515625
0 0.72734375 0.546875 0.04296875 0.06875
0 0.725 0.4421875 0.03359375 0.05546875
0 0.75078125 0.4046875 0.03359375 0.07734375
0 0.78984375 0.4390625 0.03125 0.09296875
0 0.71640625 0.79765625 0.021875 0.09296875
0 0.728125 0.75625 0.02578125 0.05859375
0 0.7453125 0.64609375 0.0359375 0.0453125
0 0.80078125 0.5875 0.03203125 0.11953125
0 0.8328125 0.4515625 0.02578125 0.0796875
0 0.9046875 0.446875 0.03515625 0.1140625
0 0.9375 0.553125 0.05546875 0.071875
0 0.88671875 0.8171875 0.0375 0.07421875
0 0.91015625 0.8265625 0.0296875 0.06640625
0 0.94453125 0.90390625 0.05234375 0.0984375
0 0.9578125 0.81171875 0.028125 0.0796875
0 0.95390625 0.7375 0.03125 0.05859375
0 0.7765625 0.828125 0.04453125 0.05859375
0 0.8140625 0.9671875 0.06015625 0.05078125