0 0.83359375 0.30703125 0.07421875 0.03515625
0 0.4609375 0.3078125 0.04609375 0.01953125
0 0.9296875 0.5609375 0.06875 0.0171875
0 0.8875 0.6359375 0.0671875 0.03359375
0 0.90546875 0.60390625 0.0640625 0.0421875
0 0.83046875 0.609375 0.06640625 0.04921875
0 0.67109375 0.690625 0.0265625 0.0625
0 0.7078125 0.671875 0.0609375 0.0296875
0 0.76875 0.6671875 0.0546875 0.05234375
0 0.96328125 0.771875 0.0734375 0.0375
0 0.83515625 0.76171875 0.12265625 0.03046875
0 0.7328125 0.8109375 0.09609375 0.0171875
0 0.58125 0.72109375 0.07265625 0.03125
0 0.6140625 0.80390625 0.0375 0.0203125
0 0.5640625 0.77109375 0.090625 0.02421875
0 0.38515625 0.77734375 0.0796875 0.02890625
0 0.328125 0.70234375 0.04453125 0.05703125
0 0.2671875 0.76171875 0.05 0.02421875
0 0.16875 0.72890625 0.08671875 0.0234375
0 0.05078125 0.70234375 0.09765625 0.021875
0 0.2234375 0.54140625 0.09296875 0.02578125
0 0.19609375 0.40078125 0.07421875 0.03046875
0 0.9828125 0.6890625 0.034375 0.05625