0 0.6125 0.2625 0.0328125 0.0453125
0 0.65625 0.2859375 0.01875 0.02890625
0 0.5109375 0.3796875 0.03046875 0.05546875
0 0.49765625 0.528125 0.01796875 0.03671875
0 0.5421875 0.496875 0.01328125 0.053125
0 0.609375 0.5453125 0.01796875 0.03515625
0 0.53984375 0.56640625 0.01484375 0.03515625
0 0.5578125 0.60546875 0.025 0.0234375
0 0.5890625 0.62578125 0.02890625 0.0546875
0 0.409375 0.68515625 0.02578125 0.03515625
0 0.3578125 0.7546875 0.03125 0.07578125
0 0.20390625 0.83515625 0.02265625 0.03984375
0 0.17890625 0.64765625 0.04453125 0.03125
0 0.30234375 0.4640625 0.03125 0.059375
0 0.45 0.4484375 0.01328125 0.07890625
0 0.39453125 0.2265625 0.02890625 0.04609375
0 0.42578125 0.29609375 0.0265625 0.0484375
0 0.33203125 0.23046875 0.0234375 0.06015625
0 0.284375 0.259375 0.0375 0.0546875
0 0.1953125 0.26796875 0.0140625 0.06796875
0 0.20234375 0.20546875 0.053125 0.0546875
0 0.15078125 0.35703125 0.01796875 0.053125
0 0.39602757187500004 0.12764752343750002 0.3675194890625 0.0274834609375 0.353374003125 0.035040659375 0.379397859375 0.13749972187499998 0.39602757187500004 0.12764752343750002
0 0.39375 0.0359375 0.046875 0.02578125
0 0.4734375 0.03046875 0.0375 0.05625
0 0.3508897765625 0.1670563296875 0.2986249546875 0.068534309375 0.28494023125 0.0875901515625 0.3390114046875 0.18511870156250002 0.3508897765625 0.1670563296875
0 0.29624928437500003 0.175266503125 0.25942634062500003 0.1210793875 0.23456537187499998 0.1414533875 0.27368038281249996 0.1982549734375 0.29624928437500003 0.175266503125
0 0.3152546703125 0.171982434375 0.270116871875 0.098090915625 0.256426159375 0.1138649 0.30456414062500003 0.1867607375 0.3152546703125 0.171982434375
0 0.126388621875 0.2885668265625 0.0955048640625 0.2228854765625 0.0834407875 0.2360424765625 0.1097589046875 0.3099132671875 0.126388621875 0.2885668265625
0 0.08837784062500001 0.319765471875 0.0325495109375 0.27050445624999997 0.02070639375 0.30251032968749997 0.07929762812499999 0.34597003593750003 0.08837784062500001 0.319765471875
0 0.047991390625000005 0.3641003828125 0.0693724546875 0.27050445624999997 0.060629529687499996 0.26625843437499996 0.039676534375 0.3427539421875 0.047991390625000005 0.3641003828125
0 0.039998628125000005 0.3726391046875 0.0128465953125 0.3034970734375 0 0.316746496875 0.026422609375 0.3854797703125 0.039998628125000005 0.3726391046875
0 0.43040511718749996 0.7602029890625001 0.458544196875 0.75867755 0.45964768906250003 0.740372278125 0.4308011484375 0.740701240625 0.43040511718749996 0.7602029890625001