0 0.5890625 0.1859375 0.0234375 0.0828125
0 0.61796875 0.29921875 0.07265625 0.05234375
0 0.81796875 0.478125 0.03984375 0.05703125
0 0.825 0.42734375 0.07578125 0.0515625
0 0.79921875 0.371875 0.03046875 0.05546875
0 0.41796875 0.24921875 0.03984375 0.0640625
0 0.46015625 0.3546875 0.08046875 0.02890625
0 0.44140625 0.31171875 0.01875 0.0453125
0 0.52734375 0.5421875 0.01953125 0.07734375
0 0.18046875 0.28515625 0.05859375 0.02421875
0 0.165625 0.26328125 0.06875 0.03046875
0 0.071875 0.4 0.07890625 0.05
0 0.346875 0.5015625 0.0484375 0.0328125
0 0.3515625 0.45546875 0.03671875 0.05546875
0 0.11640625 0.66796875 0.05 0.0359375
0 0.1046875 0.621875 0.01796875 0.065625
0 0.13984375 0.62578125 0.03515625 0.03515625
0 0.1640625 0.58203125 0.03515625 0.053125
0 0.23359375 0.7109375 0.04921875 0.028125
0 0.225 0.65859375 0.0390625 0.0453125
0 0.365625 0.79140625 0.04609375 0.07265625
0 0.26640625 0.91328125 0.03359375 0.0375
0 0.02109375 0.77578125 0.03359375 0.07109375
0 0.0328125 0.86640625 0.03671875 0.04765625
0 0.0578125 0.91640625 0.046875 0.0453125