0 0.8715888640625 0.9736486453125 1 0.40436215000000003 0.9657834890625001 0.2744099203125 0.798526165625 0.91372375 0.8715888640625 0.9736486453125
0 0.74920884375 1 0.7236368984375 0.6187088859375 0.65788046875 0.6187088859375 0.6761461453125001 1 0.74920884375 1
0 0.46426431875 0.671719371875 0.6414413640625 0.934466984375 0.668839875 0.8814564984375 0.5083149109375 0.5897335421875 0.46426431875 0.671719371875
0 0.4569580484375 0.7062914234375001 0.65788046875 0.12317610937500001 0.593950609375 0.07477523281250001 0.4076407265625 0.6210136921875 0.4569580484375 0.7062914234375001
0 0.584817771875 0.0724704296875 0.42590640156250004 0 0.2907404078125 0.028679160937499996 0.5537661234375 0.1692721828125 0.584817771875 0.0724704296875
0 0.7254634656250001 0.1185665015625 0.668839875 0.0010215171875 0.590162325 0 0.68710555 0.17157698593749998 0.7254634656250001 0.1185665015625
0 0.915426484375 0.5242119390625 0.9263858875000001 0.42971499062499996 0.7538571515625 0.38320579062500004 0.7528619796875 0.485030278125 0.915426484375 0.5242119390625
0 0.74007600625 0.3352180421875 0.5683786640624999 0.3813141140625 0.5346230078125 0.5251936203125 0.7510354109375 0.4665918484375 0.74007600625 0.3352180421875
0 0.6944118203125 0.3628756859375 0.6962383875 0.1600529671875 0.65447100625 0.16192605468750002 0.6414413640625 0.3582660796875 0.6944118203125 0.3628756859375
0 0.40398759218749997 0.39975254374999997 0.5245410453125 0.286817165625 0.5391535859375 0.1807961984375 0.3820687828125 0.2914267734375 0.40398759218749997 0.39975254374999997
0 0.66953125 0.5296875 0.11171875 0.08203125
0 0.33671875 0.5671875 0.11015625 0.46328125
0 0.41328125 0.62421875 0.040625 0.32109375
0 0.3 0.10859375 0.059375 0.09921875
0 0.75546875 0.2484375 0.0390625 0.16015625