0 0.1 0.5296875 0.0609375 0.21953125
0 0.1171875 0.85859375 0.0609375 0.13671875
0 0.653125 0.64140625 0.06484375 0.096875
0 0.5671875 0.65703125 0.046875 0.2640625
0 0.39921875 0.2859375 0.0890625 0.07890625
0 0.4984375 0.1390625 0.10859375 0.1015625
0 0.63006679375 0.5471590796875 0.783672675 0.42502700937500004 0.7679314921875 0.3849787984375 0.6116340874999999 0.5056802625000001 0.63006679375 0.5471590796875
0 0.6761485578124999 0.46650582500000004 0.7698481453125 0.3881569484375 0.7494949140625 0.3591675890625 0.659251909375 0.42733138750000005 0.6761485578124999 0.46650582500000004
0 0.7078125 0.33359375 0.05 0.04453125
0 0.59140625 0.3140625 0.08671875 0.075
0 0.48874938125 0.030978251562499996 0.3351434984375 0 0.2706290265625 0.0056300859374999995 0.479533028125 0.08628334062500001 0.48874938125 0.030978251562499996
0 0.3674007328125 0.1231534 0.2107227328125 0.0010213296875 0.163211728125 0.023621865625 0.34282379218750003 0.1600234578125 0.3674007328125 0.1231534
0 0.23222755624999997 0.5195065359375 0.3858334390625 0.655464878125 0.40426614531249994 0.607072925 0.2467908828125 0.464256084375 0.23222755624999997 0.5195065359375
0 0.5732326171875 0.8282932781250001 0.5087181453125 0.581724759375 0.4766335578125 0.6025304203124999 0.54097538125 0.8421195515625 0.5732326171875 0.8282932781250001
0 0.35078125 0.4234375 0.18125 0.0546875
0 0.84296875 0.9171875 0.05703125 0.07109375
0 0.7544875578125 0.9942085437499999 0.8174659703125 0.936599078125 0.7962009125 0.9251705375 0.6991894390625 0.9919041656250001 0.7544875578125 0.9942085437499999
0 0.72376638125 0.6854218015625 0.889660734375 0.7061612078125 0.89119679375 0.65776925625 0.7253024390625 0.6208991968750001 0.72376638125 0.6854218015625
0 0.7974972046875 0.8859027453125 0.9142376750000001 0.660073634375 0.8945293296875001 0.6357162609375 0.7806005578125 0.8605545812500001 0.7974972046875 0.8859027453125
0 0.93267038125 0.964251621875 0.9541752046875001 0.9342946984375 0.862011675 0.8029451125 0.84075694375 0.82930033125 0.93267038125 0.964251621875
0 0.9015625 0.98046875 0.078125 0.0390625
0 0.7222303234375 0.5333328078124999 0.80210538125 0.46650582500000004 0.7882808531250001 0.434244521875 0.706869734375 0.5010715046875001 0.7222303234375 0.5333328078124999
0 0.5517277921875 0.305199315625 0.6392831453125 0.22685044062499998 0.614293340625 0.1987693578125 0.53022296875 0.272938015625 0.5517277921875 0.305199315625