0 0.36796875 0.5640625 0.03515625 0.03046875
0 0.2828125 0.7109375 0.03515625 0.03046875
0 0.3828125 0.62421875 0.02109375 0.02890625
0 0.4890625 0.65234375 0.0234375 0.0296875
0 0.80078125 0.80625 0.009375 0.075
0 0.9109375 0.85859375 0.01875 0.03203125
0 0.7375 0.76953125 0.02734375 0.02734375
0 0.640625 0.74296875 0.04609375 0.01875
0 0.5526023078125 0.5625883546875 0.537500978125 0.483478790625 0.5272001375 0.49255481406249996 0.542097034375 0.5724770484375 0.5526023078125 0.5625883546875
0 0.5578125 0.54609375 0.015625 0.0125
0 0.5421875 0.67734375 0.0328125 0.04375
0 0.49453125 0.73828125 0.01328125 0.06171875
0 0.4796875 0.79609375 0.0234375 0.01328125
0 0.5269957046875 0.7448228859375 0.5388141375 0.787203009375 0.5473496703125 0.7773143124999999 0.5368443984375 0.734934190625 0.5269957046875 0.7448228859375
0 0.3871442625 0.7773143124999999 0.4114377046875 0.7985043765625 0.414720603125 0.7857903375 0.38977058124999997 0.7603622640625 0.3871442625 0.7773143124999999
0 0.3943666375 0.734934190625 0.407498228125 0.7646002765625 0.4114377046875 0.753298909375 0.3995740875 0.7208549953125 0.3943666375 0.734934190625
0 0.748919590625 0.849360525 0.7653340796875 0.8705505859375 0.771899875 0.8479478531250001 0.75409089375 0.82596349375 0.748919590625 0.849360525
0 0.56328125 0.79921875 0.02734375 0.01875