0 0.88359375 0.3796875 0.0421875 0.03125
0 0.70625 0.409375 0.02734375 0.05859375
0 0.6796875 0.38828125 0.0171875 0.0765625
0 0.42265625 0.73125 0.06015625 0.03515625
0 0.56875 0.859375 0.0140625 0.1046875
0 0.7796875 0.85625 0.0109375 0.096875
0 0.8 0.975 0.0234375 0.05
0 0.7734375 0.98203125 0.01875 0.0359375
0 0.365625 0.86328125 0.03203125 0.03046875
0 0.2828125 0.57578125 0.0171875 0.07109375
0 0.21875 0.49765625 0.0390625 0.04609375
0 0.37890625 0.525 0.02265625 0.06015625
0 0.38203125 0.65546875 0.009375 0.04453125
0 0.34140625 0.6734375 0.02734375 0.0390625
0 0.26484375 0.69921875 0.02421875 0.05625
0 0.28984375 0.759375 0.04765625 0.03671875
0 0.2625 0.88515625 0.0421875 0.03046875
0 0.3490794265625 0.9772551546875 0.3615902703125 0.9636007265625001 0.341433909375 0.912706946875 0.32961811406249997 0.9213961312500001 0.3490794265625 0.9772551546875
0 0.34351905 0.8916046484375 0.3136320328125 0.84319349375 0.307376609375 0.8531239875000001 0.3358735328125 0.902776453125 0.34351905 0.8916046484375
0 0.2691490296875 0.9983574531249999 0.29347567343750003 0.9698072859375 0.2863021765625 0.9532212437500001 0.2587233265625 0.9871856484375 0.2691490296875 0.9983574531249999
0 0.19453125 0.42734375 0.02109375 0.03671875
0 0.82890625 0.903125 0.040625 0.07265625