0 0.3785602453125 0.330450909375 0.3429663390625 0.0011884078124999998 0.2852701828125 0.0087948890625 0.330812321875 0.3459290609375 0.3785602453125 0.330450909375
0 0.4106815765625 0.22632516093750002 0.40547271250000005 0.0096310359375 0.3644368484375 0.0020404140625 0.3776921015625 0.22491805625 0.4106815765625 0.22632516093750002
0 0.416758584375 0.3149727578125 0.40460456718750004 0.230546475 0.3720757375 0.2429500171875 0.38376910937500003 0.3290438046875 0.416758584375 0.3149727578125
0 0.5087818546875 0.2319535796875 0.5165951515625 0.00822393125 0.4720757375 0.0031661593750000002 0.46624279687500003 0.21788253281249997 0.5087818546875 0.2319535796875
0 0.6294538796875 0.4078416671875 0.6077502781249999 0.00822393125 0.5658257375 0.0087948890625 0.590387396875 0.4078416671875 0.6294538796875 0.4078416671875
0 0.7457851843750001 0.230546475 0.7379718875 0.0096310359375 0.695432828125 0.00822393125 0.7058505578125 0.2418033125 0.7457851843750001 0.230546475
0 0.7553347687499999 0.2924590828125 0.7475214734375 0.1812978109375 0.7199924046875 0.2328183046875 0.72147715 0.30934433906250003 0.7553347687499999 0.2924590828125
0 0.86875 0.11015625 0.028125 0.21953125
0 0.984375 0.05703125 0.03125 0.1140625
0 0.48828125 0.640625 0.040625 0.29609375
0 0.69140625 0.57890625 0.0375 0.33046875
0 0.2515625 0.4578125 0.06015625 0.59609375
0 0.57734375 0.4703125 0.0359375 0.13359375