0 0.7140625 0.303125 0.04921875 0.08515625
0 0.6484375 0.39765625 0.0171875 0.21875
0 0.6640625 0.28203125 0.04140625 0.1140625
0 0.640625 0.40625 0.0390625 0.11015625
0 0.4734375 0.9625 0.053125 0.07265625
0 0.578125 0.771875 0.0453125 0.0625
0 0.54296875 0.6140625 0.03515625 0.16796875
0 0.56875 0.59296875 0.03671875 0.121875
0 0.67005836875 0.547885696875 0.6081079609375 0.4158323046875 0.5850751171875 0.46943813749999996 0.65020246875 0.581879640625 0.67005836875 0.547885696875
0 0.6208157375 0.7152404921875 0.6557621203124999 0.59103185625 0.6370959734375 0.5531511499999999 0.59778289375 0.6760167109374999 0.6208157375 0.7152404921875
0 0.61015625 0.5546875 0.0484375 0.059375
0 0.579515465625 0.6511749828125 0.59063476875 0.7008584375 0.6136676125 0.6184885 0.6374946921875 0.5884169375 0.6144618484375 0.579264721875 0.579515465625 0.6511749828125
0 0.536626721875 0.7087031953125 0.5175650578125001 0.9819621921874999 0.5270958890624999 0.9884994890625001 0.55171720625 0.7217777859375001 0.536626721875 0.7087031953125
0 0.5143881140625 0.9819621921874999 0.559659565625 0.8747505265625 0.5469517890625 0.8368342078125 0.5048572828125 0.9531980875 0.5143881140625 0.9819621921874999
0 0.582692409375 0.6511749828125 0.5636307453125 0.656404821875 0.5538685265625001 0.7435277203124999 0.5866635890625 0.7034733578125001 0.582692409375 0.6511749828125