0 0.55625 0.48671875 0.059375 0.09453125
0 0.30859375 0.49921875 0.0328125 0.028125
0 0.59375 0.5671875 0.02890625 0.04609375
0 0.3796875 0.79140625 0.0203125 0.05234375
0 0.553125 0.97890625 0.0484375 0.0421875
0 0.20546875 0.9484375 0.0296875 0.0484375
0 0.24375 0.9109375 0.02890625 0.12890625
0 0.31869844375 0.8677881375000001 0.268720921875 0.786779 0.2548863125 0.810468021875 0.3023264984375 0.8956765250000001 0.31869844375 0.8677881375000001
0 0.21702003281249999 0.750922496875 0.2756143734375 0.7602186296875 0.277337734375 0.727018165625 0.21874339843750001 0.720378071875 0.21702003281249999 0.750922496875
0 0.1885845453125 0.7881070218749999 0.249763928125 0.7907630546875 0.252348975 0.745610425 0.19078374843749998 0.7403447734374999 0.1885845453125 0.7881070218749999
0 0.675 0.97734375 0.01875 0.0453125