0 0.25703125 0.26328125 0.03046875 0.059375
0 0.4734375 0.115625 0.01953125 0.1359375
0 0.60546875 0.15078125 0.0171875 0.11875
0 0.69609375 0.0421875 0.0125 0.08046875
0 0.72734375 0.08671875 0.034375 0.0796875
0 0.7296875 0.40703125 0.03046875 0.10234375
0 0.72734375 0.49609375 0.01953125 0.040625
0 0.6078125 0.58671875 0.0203125 0.0390625
0 0.5328125 0.46171875 0.01484375 0.12734375
0 0.650268328125 0.3630136390625 0.6080342937500001 0.25160440156249997 0.5894377921875 0.2671955515625 0.6351847453125 0.379121 0.650268328125 0.3630136390625
0 0.42502013906249997 0.16167164375 0.39786968749999996 0.2542889640625 0.41898670625 0.266369484375 0.4461371578125 0.17509444375 0.42502013906249997 0.16167164375