0 0.6140625 0.01640625 0.046875 0.03203125
0 0.646875 0.18203125 0.0140625 0.05234375
0 0.50703125 0.13515625 0.04921875 0.071875
0 0.45 0.278125 0.04140625 0.059375
0 0.57109375 0.36328125 0.01171875 0.0671875
0 0.753125 0.5421875 0.0375 0.0671875
0 0.4234375 0.62890625 0.05546875 0.05234375
0 0.4015625 0.46875 0.02734375 0.034375
0 0.2984375 0.35078125 0.021875 0.05703125
0 0.24921875 0.6421875 0.021875 0.109375
0 0.21875 0.74296875 0.02734375 0.06171875
0 0.25234375 0.94140625 0.0515625 0.05234375
0 0.49375 0.8125 0.04296875 0.0671875
0 0.6015625 0.815625 0.04140625 0.04921875