0 0.453125 0.56953125 0.028125 0.034375
0 0.47734375 0.5421875 0.0328125 0.02265625
0 0.5125 0.64140625 0.02265625 0.04296875
0 0.4734375 0.64375 0.00859375 0.04609375
0 0.4125 0.65703125 0.0328125 0.0390625
0 0.41484375 0.62109375 0.03515625 0.01953125
0 0.35703125 0.62734375 0.040625 0.02578125
0 0.3140625 0.69921875 0.0265625 0.01640625
0 0.34375 0.69765625 0.0078125 0.034375
0 0.37734375 0.6734375 0.02578125 0.06171875
0 0.42421875 0.73046875 0.025 0.03671875
0 0.446875 0.78359375 0.02109375 0.034375
0 0.4546875 0.73203125 0.0328125 0.021875
0 0.4765625 0.7328125 0.01484375 0.0359375
0 0.55234375 0.74921875 0.0484375 0.03125
0 0.51484375 0.81484375 0.01953125 0.021875
0 0.54921875 0.86015625 0.028125 0.02734375
0 0.434375 0.84375 0.0296875 0.02265625
0 0.47109375 0.88984375 0.034375 0.02421875
0 0.5078125 0.9609375 0.0203125 0.03515625
0 0.5578125 0.91640625 0.025 0.021875
0 0.26484375 0.91171875 0.03828125 0.02578125
0 0.22265625 0.8875 0.015625 0.03828125
0 0.3328125 0.95703125 0.0296875 0.021875
0 0.33359375 0.92734375 0.04921875 0.028125
0 0.35859375 0.9515625 0.02421875 0.02734375
0 0.28046875 0.97265625 0.02109375 0.03203125
0 0.39375 0.79921875 0.0203125 0.0265625
0 0.346875 0.60234375 0.053125 0.01953125
0 0.3734375 0.59140625 0.01875 0.04453125
0 0.240625 0.7515625 0.04453125 0.01484375
0 0.22421875 0.71796875 0.02890625 0.03125
0 0.25390625 0.78125 0.02890625 0.01953125
0 0.26015625 0.759375 0.02109375 0.02421875
0 0.29765625 0.66640625 0.01171875 0.0296875
0 0.32890625 0.65546875 0.02890625 0.0203125
0 0.25234375 0.7171875 0.01484375 0.0515625
0 0.275 0.68046875 0.02734375 0.02421875
0 0.5703125 0.78671875 0.03046875 0.01953125
0 0.578125 0.8578125 0.01328125 0.06015625
0 0.35234375 0.56796875 0.03359375 0.03515625
0 0.49921875 0.73046875 0.028125 0.034375