0 0.30988757499999997 0.386035715625 0.49528972031249996 0.280234196875 0.48637615624999997 0.234699365625 0.3009740078125 0.34317940468749997 0.30988757499999997 0.386035715625
0 0.208272934375 0.30568013125000004 0.3713911703125 0.2695201140625 0.36960845781249996 0.22264602656250002 0.20947526875000003 0.26337994062500003 0.208272934375 0.30568013125000004
0 0.6958449265625 0.641834321875 0.6949535703125 0.5186224265625 0.6608121671875 0.52267491875 0.6619733812499999 0.637816540625 0.6958449265625 0.641834321875
0 0.8268743265625 0.5561217 0.7163461234375 0.46371277656250004 0.701193065625 0.4971942734375 0.8090472 0.5869246718750001 0.8268743265625 0.5561217
0 0.5657068796875 0.7476358421875 0.530943978125 0.585585415625 0.4908329375 0.5962994921875 0.5238131265625 0.7623677 0.5657068796875 0.7476358421875
0 0.2189692140625 0.5949602296875 0.395457796875 0.5962994921875 0.398131865625 0.56013948125 0.21945744375 0.5558903875000001 0.2189692140625 0.5949602296875
0 0.2760160296875 0.76504621875 0.41506763593749996 0.6525483984375 0.397240509375 0.6163883875 0.253682040625 0.7283965515624999 0.2760160296875 0.76504621875
0 0.2640625 0.475 0.08046875 0.05234375
0 0.17890625 0.353125 0.10234375 0.07890625
0 0.08671875 0.4109375 0.05703125 0.04921875
0 0.090625 0.47734375 0.078125 0.0640625
0 0.028125 0.60390625 0.05625 0.0890625
0 0.025 0.7265625 0.04921875 0.05546875
0 0.51328125 0.93203125 0.04765625 0.10859375
0 0.12002864375 0.897632934375 0.1895544515625 0.7262076890625 0.15813836718750002 0.700538409375 0.093287953125 0.8654907 0.12002864375 0.897632934375
0 0.1102237234375 0.8561158796875 0.14052984375 0.6471913609375 0.0897225234375 0.6404950656249999 0.07189539687499999 0.846741059375 0.1102237234375 0.8561158796875