0 0.73515625 0.6375 0.071875 0.17109375
0 0.64921875 0.65390625 0.04765625 0.15390625
0 0.903125 0.75078125 0.0328125 0.140625
0 0.81328125 0.9515625 0.0234375 0.06640625
0 0.76171875 0.79453125 0.1484375 0.14296875
0 0.4375 0.6125 0.13359375 0.0390625
0 0.43203125 0.74453125 0.07421875 0.10703125
0 0.4734375 0.82890625 0.096875 0.071875
0 0.54453125 0.81796875 0.025 0.10390625
0 0.5015625 0.7390625 0.0484375 0.06953125
0 0.34296875 0.66796875 0.0375 0.09140625
0 0.31328125 0.72890625 0.0984375 0.04453125
0 0.35 0.77890625 0.04453125 0.05234375
0 0.05234375 0.52421875 0.071875 0.09375
0 0.3945740875 0.6347666515625 0.27010252343749996 0.5089618984375 0.2574235671875 0.5344291140624999 0.37833866562499996 0.669937875 0.3945740875 0.6347666515625
0 0.27371039375 0.669937875 0.162768346875 0.550896815625 0.14703395625 0.5766369046875 0.25567103593749996 0.6983454 0.27371039375 0.669937875
0 0.2367297125 0.8714960296875001 0.11316011562499999 0.7145782703125 0.1030224125 0.7303165593750001 0.22049429062499998 0.8958453359374999 0.2367297125 0.8714960296875001
0 0.22951397031249998 0.9486021703124999 0.1663762203125 0.81603371875 0.133905375 0.8498522 0.2033569015625 0.9824206515625 0.22951397031249998 0.9486021703124999
0 0.0076298749999999995 0.783567975 0.0806892734375 0.6712906140625 0.0644538515625 0.6428830890625 0 0.75516045 0.0076298749999999995 0.783567975
0 0.01015625 0.65234375 0.01953125 0.07265625