0 0.62578125 0.1578125 0.08359375 0.228125
0 0.5859375 0.6234375 0.040625 0.1984375
0 0.5765625 0.73359375 0.09765625 0.06640625
0 0.525 0.8375 0.04765625 0.08984375
0 0.32578125 0.75078125 0.03984375 0.15078125
0 0.25625 0.32890625 0.04765625 0.2265625
0 0.283260615625 0.5941439640625 0.41845698281250004 0.2696224875 0.37895154999999997 0.2395257390625 0.25253416875 0.554887334375 0.283260615625 0.5941439640625
0 0.2191740265625 0.6334005968749999 0.17264540625 0.3847752703125 0.157155240625 0.39657925 0.19722656249999998 0.64779469375 0.2191740265625 0.6334005968749999
0 0.18669178125000002 0.490768171875 0.277993225 0.51432215 0.28150481875 0.448894434375 0.188447578125 0.4318832265625 0.18669178125000002 0.490768171875
0 0.08485555624999999 0.53133335625 0.1454305515625 0.40832924843749996 0.13538557812500002 0.3819226328125 0.06993128125 0.5051622703125 0.08485555624999999 0.53133335625
0 0.15390625 0.4421875 0.02421875 0.1890625
0 0.16953125 0.609375 0.03359375 0.13203125
0 0.13671875 0.63125 0.03828125 0.11953125
0 0.12265625 0.896875 0.03359375 0.18203125