0 0.8421875 0.08125 0.0953125 0.1625
0 0.890625 0.69765625 0.10390625 0.27578125
0 0.81796875 0.79609375 0.06328125 0.184375
0 0.8484375 0.4828125 0.03046875 0.16171875
0 0.7948730312500001 0.7132058359375 0.6049100125 0.40436215000000003 0.5647255296875 0.5011639031249999 0.7583416796875 0.8330556234375001 0.7948730312500001 0.7132058359375
0 0.73984375 0.46328125 0.13046875 0.140625
0 0.40946729375 0.5219071359375 0.5446332875000001 0 0.477050290625 0.0010215171875 0.3564968375 0.494249490625 0.40946729375 0.5219071359375
0 0.4015625 0.07421875 0.07265625 0.1484375
0 0.5446332875000001 0.5703080093749999 0.7254634656250001 0.019459946875000002 0.6734712984375 0 0.4807034265625 0.5149927234375 0.5446332875000001 0.5703080093749999
0 0.5 0.27734375 0.07109375 0.17109375
0 0.54375 0.2015625 0.06796875 0.06015625
0 0.6651867390625 0.43662940156249996 0.80400586875 0.13009051875 0.7565151140624999 0.07477523281250001 0.61586941875 0.388228525 0.6651867390625 0.43662940156249996
0 0.5227144781249999 0.9091141421875 0.7145040609375 0.756997103125 0.663240371875 0.689309421875 0.477050290625 0.7961787640625 0.5227144781249999 0.9091141421875
0 0.46974402031249995 1 0.5263676125 0.9206381609375001 0.48931461875000004 0.8442052375 0.38937505156249996 0.9874774671875001 0.46974402031249995 1
0 0.5738583671875 0.9851726640624999 0.6085631484375 0.856103659375 0.5740851546875 0.8368292453124999 0.5336738828125001 0.9690390359375 0.5738583671875 0.9851726640624999
0 0.745555709375 0.9943918765624999 0.771127653125 0.8330556234375001 0.730472175 0.7981052921875 0.6889321171875 0.9943918765624999 0.745555709375 0.9943918765624999
0 0.56171875 0.1015625 0.0640625 0.13046875