0 0.5274105296875 0.6468488812500001 0.5020702765625 0.3714328515625 0.48940949062500005 0.37740338125 0.5172744296875 0.6520210171875 0.5274105296875 0.6468488812500001
0 0.5462347171874999 0.6235742921874999 0.5230664859374999 0.463238196875 0.5120032640625001 0.46844055312500005 0.5317545734375 0.6313324875 0.5462347171874999 0.6235742921874999
0 0.55234375 0.56015625 0.015625 0.10625
0 0.2602518671875 0.5369519406250001 0.21246739374999998 0.3223084640625 0.197263240625 0.333913171875 0.24287569375 0.5576404703125 0.2602518671875 0.5369519406250001
0 0.265625 0.36640625 0.0140625 0.134375
0 0.24375 0.7703125 0.015625 0.11328125
0 0.27734375 0.8484375 0.015625 0.14296875
0 0.17890625 0.48125 0.0453125 0.09609375
0 0.37578125 0.0890625 0.03046875 0.16171875
0 0.25703125 0.03984375 0.021875 0.07890625
0 0.1375 0.05625 0.009375 0.1125
0 0.30859375 0.28671875 0.01796875 0.09609375
0 0.43328959375 0.20203466718750002 0.4151894140625 0.4115060171875 0.42966955625000003 0.417971178125 0.44849374375 0.20591376718749999 0.43328959375 0.20203466718750002
0 0.18350710312500002 0.1619397859375 0.16251089375 0.368825065625 0.18567912343749998 0.3804623625 0.2066753328125 0.16711191718750001 0.18350710312500002 0.1619397859375
0 0.4515625 0.6578125 0.01328125 0.14453125
0 0.4140625 0.7125 0.03203125 0.12734375
0 0.3956412171875 0.4904136125 0.3768170296875 0.6442845421875 0.3869531296875 0.649456671875 0.40830365 0.5005104640625 0.3956412171875 0.4904136125
0 0.37898905 0.4658459875 0.344236703125 0.5434279703125 0.360798796875 0.5832715296875 0.3956412171875 0.5033439468750001 0.37898905 0.4658459875
0 0.43546161406249995 0.6481636421875 0.44559771406250004 0.5266185421875 0.4332147296875 0.518097190625 0.4217054765625 0.6391124109375 0.43546161406249995 0.6481636421875
0 0.4014332734375 0.786518171875 0.389125153125 0.6856615953125 0.376440640625 0.692929940625 0.389125153125 0.7929833390625001 0.4014332734375 0.786518171875
0 0.3616128765625 0.703764059375 0.38622912343750004 0.68695463125 0.3753690140625 0.6339402796875 0.353267540625 0.6463768390625 0.3616128765625 0.703764059375
0 0.41015625 0.5734375 0.03046875 0.09453125