0 0.43828125 0.4421875 0.0296875 0.071875
0 0.571875 0.765625 0.03515625 0.07890625
0 0.50546875 0.73125 0.03203125 0.090625
0 0.4359375 0.846875 0.0265625 0.07578125
0 0.3953125 0.79765625 0.05546875 0.03515625
0 0.55859375 0.875 0.04375 0.05625
0 0.52890625 0.865625 0.0234375 0.071875
0 0.5375 0.94296875 0.0203125 0.07109375
0 0.3421875 0.89765625 0.028125 0.1625
0 0.30859375 0.8625 0.0359375 0.059375
0 0.48359375 0.5703125 0.0609375 0.05234375
0 0.52109375 0.51953125 0.07890625 0.05234375
0 0.4734375 0.49609375 0.0421875 0.09375
0 0.62265625 0.5953125 0.0703125 0.1