0 0.672493009375 0.286817165625 0.4843565609375 0.02176475 0.40216102343750004 0.0978232703125 0.6122162828125 0.3467420609375 0.672493009375 0.286817165625
0 0.3327514609375 0.9367717875 0.5811646359375 0.927552571875 0.5610723937500001 0.8146171953125 0.34462008593750004 0.8608012171875 0.3327514609375 0.9367717875
0 0.2706481671875 1 0.44965177812499996 0.653280940625 0.4060056453125 0.611861515625 0.1975854671875 0.9920870734375 0.2706481671875 1
0 0.1015625 0.88125 0.11875 0.2375
0 0.08671875 0.47578125 0.08984375 0.25859375
0 0.40398759218749997 0.6094896734375 0.137308740625 0.4504582234375 0.11077033437499999 0.5436335984375 0.3638031078125 0.692462603125 0.40398759218749997 0.6094896734375
0 0.17018695625 0.8399700343750001 0.33823116249999996 0.740863478125 0.32179205624999996 0.664804959375 0.1537478484375 0.7523874968750001 0.17018695625 0.8399700343750001
0 0.780260490625 0.9367717875 0.5811646359375 0.835360428125 0.5784698374999999 0.9124331546875 0.7638213828125 0.9828678578125001 0.780260490625 0.9367717875
0 0.820444975 1 0.8661091609374999 0.8077027828125001 0.8259246765625001 0.7984835703125001 0.7583416796875 1 0.820444975 1
0 0.7163306281249999 0.5357359578125 0.488009696875 0.22458746875000002 0.4206212546875 0.2799419140625 0.6761461453125001 0.5956608515624999 0.7163306281249999 0.5357359578125
0 0.5592458265625 0.6348425125 0.2962201109375 0.3490468640625 0.25984955 0.4053337625 0.5081019375 0.6993770140625 0.5592458265625 0.6348425125
0 0.513581640625 0.5633936 0.5738583671875 0.3790093109375 0.5346230078125 0.35923381875 0.4660908859375 0.51960233125 0.513581640625 0.5633936
0 0.43321267187499995 0.50346870625 0.502622234375 0.45737263281249996 0.4878530578125 0.409021759375 0.40033445624999997 0.4435438109375 0.43321267187499995 0.50346870625
0 0.4222532671875 0.4435438109375 0.47339715625 0.34443725625 0.43085218125 0.3076018796875 0.38389535 0.42510538281250004 0.4222532671875 0.4435438109375
0 0.5811646359375 0.9782582515625 0.5007956671875 0.8883709109375 0.44254466875 0.9124331546875 0.5208879093750001 1 0.5811646359375 0.9782582515625