0 0.6515625 0.74609375 0.0703125 0.0140625
0 0.74765625 0.7078125 0.0359375 0.02890625
0 0.83359375 0.63125 0.04453125 0.01875
0 0.7171875 0.565625 0.05703125 0.0234375
0 0.9390625 0.45 0.07265625 0.01953125
0 0.60390625 0.49609375 0.07890625 0.0140625
0 0.621875 0.47421875 0.040625 0.03046875
0 0.5125 0.509375 0.06640625 0.02265625
0 0.559375 0.425 0.0671875 0.021875
0 0.3876135890625 0.565624103125 0.43108426718750004 0.5412907 0.4198140421875 0.531276090625 0.3731233625 0.5602166796875 0.3876135890625 0.565624103125
0 0.42109375 0.52265625 0.084375 0.00859375
0 0.44140625 0.50546875 0.03359375 0.02109375
0 0.265625 0.53125 0.03046875 0.02890625
0 0.29296875 0.51484375 0.0921875 0.01015625
0 0.2109375 0.65234375 0.05546875 0.01953125
0 0.19140625 0.63671875 0.04296875 0.01015625
0 0.43125 0.6890625 0.0671875 0.0234375
0 0.6 0.6546875 0.0421875 0.02421875
0 0.62578125 0.64140625 0.02265625 0.02421875
0 0.55234375 0.671875 0.0625 0.021875
0 0.50703125 0.603125 0.06640625 0.02265625
0 0.71171875 0.60625 0.03359375 0.040625
0 0.5265625 0.56328125 0.04453125 0.02890625
0 0.7078125 0.425 0.08359375 0.0203125
0 0.58515625 0.31640625 0.0796875 0.03203125
0 0.684375 0.32265625 0.075 0.0125
0 0.6625 0.27421875 0.06015625 0.01640625
0 0.74296875 0.24921875 0.02734375 0.0203125
0 0.809375 0.271875 0.0640625 0.00859375
0 0.7984375 0.1953125 0.03828125 0.01796875
0 0.88125 0.22734375 0.03671875 0.0265625
0 0.87421875 0.19453125 0.0484375 0.01015625
0 0.965625 0.221875 0.06796875 0.0171875
0 0.9859375 0.18125 0.028125 0.00546875
0 0.434375 0.5546875 0.0671875 0.00546875
0 0.46796875 0.53984375 0.04453125 0.015625
0 0.3924436609375 0.664760196875 0.44718449375 0.640426796875 0.427864190625 0.6287107265625 0.373928328125 0.6523177796875 0.3924436609375 0.664760196875
0 0.377953434375 0.6719701062500001 0.3586331375 0.64313050625 0.3280426078125 0.6442032531249999 0.3489729828125 0.6746738203125 0.377953434375 0.6719701062500001
0 0.3747333625 0.6079822593750001 0.3264326078125 0.6260070171875001 0.3352877203125 0.6333838859375 0.3892235890625 0.6169946171875 0.3747333625 0.6079822593750001
0 0.3956636671875 0.62059959375 0.3505829828125 0.6323156640625001 0.3678907328125 0.6448794640625 0.41659404218749996 0.63411815 0.3956636671875 0.62059959375
0 0.149329821875 0.562920390625 0.1992406484375 0.553006809375 0.18917794062499999 0.5454765140625 0.146109815625 0.55480925625 0.149329821875 0.562920390625
0 0.197630571875 0.5358832796875 0.146109815625 0.5358832796875 0.146109815625 0.5457969 0.20085064843749997 0.5466981234375 0.197630571875 0.5358832796875
0 0.3586331375 0.594463703125 0.4069338875 0.5737352359375001 0.3956636671875 0.5647228796875 0.3505829828125 0.5890562796875 0.3586331375 0.594463703125
0 0.38125 0.60234375 0.04140625 0.01171875
0 0.30625 0.53828125 0.06171875 0.01015625
0 0.45703125 0.390625 0.04609375 0.01171875
0 0.371875 0.46484375 0.025 0.01953125
0 0.12578125 0.61796875 0.06171875 0.009375
0 0.22265625 0.63203125 0.02421875 0.01953125
0 0.28515625 0.6375 0.05625 0.01796875