0 0.21090909062500002 0.40437158437500004 0.2 0.415300546875 0.2654545453125 0.497267759375 0.269090909375 0.5300546453125 0.28363636406250003 0.5300546453125 0.27272727343750003 0.4699453546875 0.21090909062500002 0.40437158437500004
0 0.3127272734375 0.42076502656250003 0.269090909375 0.3770491796875 0.21818181874999998 0.3606557375 0.189090909375 0.36612021875 0.269090909375 0.415300546875 0.3054545453125 0.5136612015625001 0.33090909062499996 0.5136612015625001 0.33818181875 0.464480875 0.3127272734375 0.42076502656250003
0 0.0654545453125 0.584699453125 0.08 0.64480874375 0.17090909062499998 0.672131146875 0.2363636359375 0.535519125 0.2254545453125 0.5191256828124999 0.1127272734375 0.5300546453125 0.0654545453125 0.584699453125
0 0.07272727343749999 0.81420765 0.0872727265625 0.81420765 0.1345454546875 0.677595628125 0.12 0.677595628125 0.0763636359375 0.765027321875 0.07272727343749999 0.81420765
0 0.069090909375 0.45355191250000004 0.13818181875 0.36612021875 0.189090909375 0.3387978140625 0.130909090625 0.3387978140625 0.08 0.398907103125 0.069090909375 0.45355191250000004
0 0.3963636359375 0.47540983593749997 0.3636363640625 0.502732240625 0.36 0.5519125687499999 0.3745454546875 0.5573770484375 0.3963636359375 0.502732240625 0.4763636359375 0.497267759375 0.4836363640625 0.4699453546875 0.3963636359375 0.47540983593749997
0 0.3236363640625 0.6557377046874999 0.290909090625 0.5300546453125 0.27272727343750003 0.54098360625 0.27272727343750003 0.6502732234375 0.3236363640625 0.6557377046874999
0 0.429090909375 0.595628415625 0.43636363593749994 0.6229508203125 0.4836363640625 0.6612021859375 0.429090909375 0.595628415625
0 0.1454545453125 0.8251366125 0.24 0.8032786890624999 0.26181818125 0.7759562843750001 0.21818181874999998 0.765027321875 0.10181818125 0.81420765 0.1454545453125 0.8251366125
0 0.48 0.6229508203125 0.61818181875 0.6120218578125 0.4763636359375 0.595628415625 0.46909090937500003 0.6120218578125 0.48 0.6229508203125
0 0.81818181875 0.72677595625 0.749090909375 0.5191256828124999 0.690909090625 0.502732240625 0.70181818125 0.535519125 0.72 0.54098360625 0.74181818125 0.6229508203125 0.73818181875 0.677595628125 0.77818181875 0.721311475 0.81818181875 0.72677595625
0 0.6632034625000001 0.780640125 0.5696969703125 0.5594587546875001 0.5281385265625 0.5750715578125 0.626839825 0.8456934703125001 0.6632034625000001 0.780640125
0 0.5038961046875 0.81707 0.7376623375 0.8066614640624999 0.7844155859375 0.7155867812500001 0.517748915625 0.7416081203125 0.5038961046875 0.81707
0 0.7047619046875 0.7129846453125 0.715151515625 0.6245120984375 0.6493506515624999 0.6947697109375001 0.6770562765625 0.7468123875 0.7047619046875 0.7129846453125
0 0.8329004328125 0.736403853125 0.916017315625 0.6609419734374999 0.9367965375 0.47358834375000003 0.8848484843750001 0.47879261250000005 0.8329004328125 0.64532916875 0.8329004328125 0.736403853125
0 0.40865800781250006 0.26281550781249996 0.2095238109375 0.21857923437500001 0.197402596875 0.3174603171875 0.49004329062499996 0.353890190625 0.40865800781250006 0.26281550781249996
0 0.13160173125000002 0 0.135064934375 0.171740825 0.2008658 0.171740825 0.20259740312500002 0 0.13160173125000002 0
0 0 0.23679417187500001 0.06406926406249999 0.1899557640625 0.0554112546875 0.12490242031250001 0 0.11969815312500001 0 0.23679417187500001
0 0.015915170312499997 0.07189490781249999 0.003463203125 0.1327088203125 0.084848484375 0.1587301578125 0.12121212031249999 0.0910746828125 0.015915170312499997 0.07189490781249999
0 0.5021645015625 0.38511579218750003 0.2545454546875 0.3460837875 0.283982684375 0.3981264640625 0.5264069265625 0.4423627375 0.5021645015625 0.38511579218750003
0 0.6805194796875 0.2680197765625 0.6077922078125 0.3486859234375 0.61818181875 0.4059328640625 0.751515153125 0.30444965 0.6805194796875 0.2680197765625
0 0.6112554109375 0.1977621640625 0.5419913421875 0.20817070000000001 0.5679653671875 0.33827738749999997 0.645887446875 0.288836846875 0.6112554109375 0.1977621640625
0 0.44502164375 0.1431173546875 0.41558441406249996 0.1561280265625 0.5021645015625 0.3122560484375 0.533333334375 0.275826175 0.44502164375 0.1431173546875
0 0.4121212109375 0.223783503125 0.5385281375 0.23158990156249998 0.552380953125 0.1795472296875 0.39307359218750004 0.1587301578125 0.4121212109375 0.223783503125
0 0.775757575 0.5386416890625 0.9125541125 0.4007285953125 0.9350649343749999 0.36690085781250004 0.7636363640625 0.4345563390625 0.775757575 0.5386416890625
0 0.8311688328125 0.57767369375 0.8744588734375001 0.5308352843749999 0.8311688328125 0.291438978125 0.7896103890624999 0.3642987265625 0.8311688328125 0.57767369375
0 1 0.61930783125 0.890043290625 0.6869633109375 0.9004329015625 0.736403853125 1 0.6765547765625 1 0.61930783125
0 0.9281385265625 0.6791569078124999 0.9714285703125001 0.6557377046874999 0.978354978125 0.54384595625 0.9385281375 0.5230288859375001 0.9281385265625 0.6791569078124999
0 1 0.6947697109375001 0.9350649343749999 0.7338017156250001 0.9350649343749999 0.8118657328125 1 0.772833721875 1 0.6947697109375001
0 0.6060606078124999 0.1457194921875 0.735930734375 0.10148321874999999 0.6753246765625 0.0624512078125 0.5454545453125 0.13531095625 0.5679653671875 0.1743429625 0.6060606078124999 0.1457194921875
0 0.197402596875 0.1769450921875 0.2510822515625 0.1977621640625 0.2718614734375 0.16913869374999999 0.1939393921875 0.11969815312500001 0.197402596875 0.1769450921875
0 0.316883115625 0.1457194921875 0.41731601874999996 0.1457194921875 0.42770562968750003 0.10928961718750001 0.3134199125 0.11449388593750001 0.316883115625 0.1457194921875
0 0.6320346328124999 0.43715847031250005 0.5922077921875 0.3512880546875 0.510822509375 0.356492321875 0.533333334375 0.426749934375 0.5489177484375001 0.4033307328125 0.6320346328124999 0.43715847031250005
0 0.9281385265625 0.34348165625 0.8744588734375001 0.16913869374999999 0.8346320359374999 0.1951600328125 0.8727272734374999 0.3642987265625 0.9281385265625 0.34348165625
0 0.796536796875 0.2940411140625 0.7930735921875 0.288836846875 0.8571428578125 0.1587301578125 0.7497835484375 0.080666146875 0.7480519484375 0.2706219125 0.796536796875 0.2940411140625
0 0.98354978125 0.390320059375 0.9212121203124999 0.41113713125 0.93160173125 0.49700754687500004 1 0.5464480875 0.98354978125 0.390320059375
0 0.8207792218750001 0.7416081203125 0.8086580078125 0.7858443937499999 0.9419913421875 0.7416081203125 0.8207792218750001 0.7416081203125
0 0.8502164515624999 0.8092635953125 0.8796536796875 0.8508977375000001 0.9437229453124999 0.7468123875 0.8502164515624999 0.8092635953125