0 0.6068672609375 0.3523201671875 0.577508721875 0.316437690625 0.5743175765624999 0.323825259375 0.6023996578124999 0.361818471875 0.6068672609375 0.3523201671875
0 0.604952575 0.30905012187500003 0.5883586171874999 0.35548626875 0.5972938250000001 0.36656762187499997 0.6023996578124999 0.360763103125 0.5969747109375 0.3539032171875 0.60973929375 0.3116885390625 0.604952575 0.30905012187500003
0 0.626014134375 0.3433495484375 0.641331634375 0.3021902359375 0.6339919984375 0.2932196171875 0.6173980421875 0.33226819375 0.626014134375 0.3433495484375
0 0.6789871515625 0.5111528984375 0.7115368359375001 0.4800195734375 0.7077977109375 0.471062628125 0.6710092875 0.4990161765625 0.6789871515625 0.5111528984375
0 0.7099412625 0.5217065671875 0.7265352203125001 0.5042930140624999 0.713132409375 0.475798103125 0.69526199375 0.49796081093750005 0.7099412625 0.5217065671875
0 0.7048354296875 0.5818624859375 0.73802334375 0.5686703984375 0.7367468859375 0.5586444109375 0.7021818671875 0.5668952328125 0.7048354296875 0.5818624859375
0 0.6901561609375 0.590305421875 0.7035589718749999 0.55125684375 0.690475275 0.543341590625 0.6751577765625 0.57922406875 0.6901561609375 0.590305421875
0 0.6659034546875 0.5375370734375 0.656968246875 0.49796081093750005 0.6457992375 0.503765328125 0.655372675 0.543341590625 0.6659034546875 0.5375370734375
0 0.669413715625 0.48899019218750006 0.6451610078125001 0.445720146875 0.639386525 0.450798465625 0.66239319375 0.49743312656249994 0.669413715625 0.48899019218750006
0 0.621875 0.46171875 0.01953125 0.015625
0 0.66484375 0.39296875 0.0140625 0.01796875
0 0.66875 0.371875 0.0203125 0.01796875
0 0.66171875 0.36796875 0.02109375 0.021875
0 0.6453125 0.38984375 0.0171875 0.0171875
0 0.67265625 0.40390625 0.0203125 0.03203125
0 0.646875 0.42578125 0.03046875 0.04609375