0 0.46317730468749996 0.2255932953125 0.5777778546875 0.172626546875 0.564554715625 0.1527639890625 0.43820017031249997 0.21235160625 0.46317730468749996 0.2255932953125
0 0.5557392875 0.252076671875 0.6424242765625 0.21676548593749997 0.6277318546874999 0.1832532953125 0.5425161484375 0.218972453125 0.5557392875 0.252076671875
0 0.7609375 0.2796875 0.04453125 0.06015625
0 0.590625 0.28359375 0.03984375 0.09140625
0 0.46484375 0.2984375 0.10234375 0.03125
0 0.50234375 0.25 0.06953125 0.04921875
0 0.29609375 0.13203125 0.10390625 0.07265625
0 0.2265625 0.15625 0.0265625 0.08125
0 0.071875 0.11875 0.028125 0.08125
0 0.1375 0.24921875 0.07421875 0.07578125
0 0.125 0.178125 0.059375 0.03828125
0 0.18828125 0.109375 0.0375 0.10390625
0 0.14140625 0.1125 0.05546875 0.08046875
0 0.05859375 0.3625 0.0734375 0.0796875
0 0.16953125 0.53359375 0.046875 0.0640625
0 0.19921875 0.4515625 0.0328125 0.05078125
0 0.1453125 0.48125 0.1015625 0.0359375
0 0.09609375 0.66796875 0.09609375 0.0328125
0 0.08515625 0.61953125 0.09296875 0.0640625
0 0.2109375 0.653125 0.075 0.059375
0 0.06953125 0.82890625 0.08515625 0.05625
0 0.0921875 0.94765625 0.08984375 0.0421875
0 0.2828125 0.775 0.0453125 0.06171875
0 0.303125 0.59296875 0.02578125 0.1265625
0 0.413223175 0.6802246015625 0.4690541671875 0.563256328125 0.4440771671875 0.5478076781250001 0.3911846078125 0.662568984375 0.413223175 0.6802246015625
0 0.409375 0.56171875 0.05078125 0.05546875
0 0.4308540296875 0.6956732015625 0.4602387375 0.594153634375 0.4499541640625 0.5853257765625 0.4139577484375 0.6783683765624999 0.4308540296875 0.6956732015625
0 0.40881546249999995 0.6184299953125 0.344168975 0.5588423984374999 0.323599621875 0.57239056875 0.3941230359375 0.640499540625 0.40881546249999995 0.6184299953125
0 0.5087235890625 0.6581550546875 0.457300309375 0.63387869375 0.4426078875 0.6669829125 0.50137744375 0.6890523609375 0.5087235890625 0.6581550546875
0 0.93203125 0.46796875 0.10234375 0.04453125
0 0.97109375 0.5 0.0578125 0.06015625
0 0.97578125 0.42734375 0.03984375 0.05078125
0 0.9078125 0.5640625 0.11015625 0.0296875
0 0.89609375 0.50234375 0.08671875 0.0328125
0 0.87890625 0.634375 0.04375 0.0734375
0 0.925 0.65078125 0.03671875 0.06328125
0 0.95546875 0.6140625 0.08203125 0.053125
0 0.8671875 0.4328125 0.06171875 0.04921875
0 0.96015625 0.33984375 0.075 0.05859375
0 0.7453125 0.43828125 0.0734375 0.046875
0 0.86015625 0.253125 0.03046875 0.0640625
0 0.6328125 0.42109375 0.078125 0.05078125
0 0.62578125 0.3703125 0.04921875 0.0640625
0 0.453125 0.4234375 0.06875 0.0671875
0 0.43515625 0.3859375 0.0328125 0.071875
0 0.5125 0.39375 0.03671875 0.07890625
0 0.40703125 0.4828125 0.090625 0.05546875
0 0.3390625 0.3875 0.11875 0.046875
0 0.346875 0.33125 0.0765625 0.06171875
0 0.28515625 0.26484375 0.096875 0.07578125
0 0.428125 0.1859375 0.08359375 0.04453125
0 0.3609375 0.15390625 0.0484375 0.046875
0 0.5609375 0.45546875 0.06875 0.078125
0 0.54375 0.553125 0.05546875 0.046875
0 0.6390625 0.6046875 0.03046875 0.09765625
0 0.7125 0.6625 0.0796875 0.02734375
0 0.86953125 0.80234375 0.04296875 0.09921875
0 0.82734375 0.75625 0.02421875 0.05625
0 0.7859375 0.70078125 0.02890625 0.09140625
0 0.9453125 0.81171875 0.02109375 0.08125
0 0.8921875 0.73203125 0.0796875 0.046875
0 0.9515625 0.9375 0.096875 0.12109375
0 0.85625 0.97265625 0.0546875 0.0546875
0 0.86796875 0.93203125 0.0390625 0.05703125
0 0.69765625 0.98828125 0.1109375 0.0234375
0 0.6703125 0.96015625 0.1078125 0.02734375
0 0.70078125 0.8671875 0.0828125 0.07265625
0 0.76640625 0.9390625 0.07265625 0.03828125
0 0.809375 0.978125 0.0546875 0.04375
0 0.7984375 0.9296875 0.06796875 0.021875
0 0.5796875 0.8140625 0.04296875 0.059375
0 0.58515625 0.76796875 0.1 0.02734375
0 0.59609375 0.90546875 0.06796875 0.06640625
0 0.53828125 0.91328125 0.0328125 0.0953125
0 0.47265625 0.8015625 0.028125 0.065625
0 0.5265625 0.81328125 0.05546875 0.025
0 0.5140625 0.7484375 0.04609375 0.0578125
0 0.46640625 0.8859375 0.0421875 0.05703125
0 0.43828125 0.9671875 0.08359375 0.065625
0 0.3453125 0.94921875 0.0375 0.08828125
0 0.4015625 0.9515625 0.05859375 0.03984375
0 0.64765625 0.490625 0.0546875 0.08828125
0 0.7140625 0.56015625 0.05859375 0.05078125
0 0.803125 0.58828125 0.06640625 0.02890625