0 0.62421875 0.50234375 0.01640625 0.08125
0 0.52109375 0.2625 0.009375 0.10859375
0 0.5078125 0.3390625 0.009375 0.05390625
0 0.534375 0.33515625 0.0390625 0.0828125
0 0.5234375 0.39140625 0.03046875 0.040625
0 0.540625 0.41640625 0.02421875 0.059375
0 0.5078125 0.3234375 0.03046875 0.04609375
0 0.45234375 0.42265625 0.0265625 0.0859375
0 0.35234375 0.3890625 0.0203125 0.09140625
0 0.37578125 0.371875 0.03203125 0.0984375
0 0.378125 0.43359375 0.0171875 0.1296875
0 0.3984375 0.5296875 0.04140625 0.05
0 0.3625 0.57265625 0.0171875 0.1296875
0 0.33984375 0.54140625 0.02890625 0.06484375
0 0.2484375 0.55546875 0.02421875 0.08203125
0 0.2828125 0.53515625 0.01484375 0.06796875
0 0.34453125 0.31953125 0.025 0.03203125
0 0.43125 0.4984375 0.02578125 0.03515625
0 0.53125 0.571875 0.02734375 0.04296875
0 0.61015625 0.61796875 0.01328125 0.10625
0 0.63515625 0.77890625 0.021875 0.12109375
0 0.57734375 0.79453125 0.04375 0.0625
0 0.56015625 0.87421875 0.0265625 0.08046875
0 0.58359375 0.84140625 0.02578125 0.11015625
0 0.45546875 0.90078125 0.03359375 0.03984375
0 0.39765625 0.71875 0.0140625 0.1078125
0 0.2859375 0.78984375 0.0203125 0.1125
0 0.31171875 0.6953125 0.02265625 0.0609375
0 0.378125 0.775 0.01484375 0.0734375
0 0.34765625 0.88203125 0.01484375 0.10703125
0 0.36484375 0.83359375 0.02265625 0.07578125
0 0.4125 0.84453125 0.0390625 0.0296875
0 0.4140625 0.3953125 0.02890625 0.04375
0 0.4265625 0.3609375 0.01796875 0.05078125
0 0.44375 0.346875 0.02890625 0.03828125
0 0.47109375 0.309375 0.01484375 0.0625
0 0.39375 0.2578125 0.03125 0.078125
0 0.4546875 0.7453125 0.03984375 0.02421875
0 0.30859375 0.625 0.0171875 0.0515625
0 0.33203125 0.6125 0.02265625 0.0296875
0 0.3265625 0.97421875 0.01796875 0.0453125