0 0.2640625 0.7625 0.02109375 0.0671875
0 0.4734375 0.54921875 0.040625 0.03359375
0 0.52421875 0.58125 0.01796875 0.0328125
0 0.765625 0.63125 0.02734375 0.02734375
0 0.92734375 0.7671875 0.02265625 0.0640625
0 0.71015625 0.6828125 0.01953125 0.02734375
0 0.85859375 0.95859375 0.01796875 0.03359375
0 0.88359375 0.94921875 0.0109375 0.04375
0 0.61796875 0.73671875 0.01875 0.04609375
0 0.7960898328125 0.823287065625 0.7805812390625 0.761466228125 0.7717308859374999 0.76582988125 0.7859755328125 0.8319132296875 0.7960898328125 0.823287065625
0 0.78732410625 0.810347821875 0.8122727109375001 0.8204116796875001 0.814295571875 0.8017216578124999 0.78575461875 0.786533815625 0.78732410625 0.810347821875
0 0.8345241703124999 0.875044046875 0.80687841875 0.8045970453125 0.7992389765625 0.8129888421875 0.823735584375 0.8836702109375001 0.8345241703124999 0.875044046875
0 0.67265625 0.7265625 0.0171875 0.0234375
0 0.5625 0.57890625 0.015625 0.02578125