0 0.57092606875 0.395254228125 0.5396527375 0.3155573296875 0.5285203468749999 0.342650253125 0.5526832921875 0.41630623906249997 0.57092606875 0.395254228125
0 0.559850096875 0.377209646875 0.60415398125 0.350142775 0.604805509375 0.32758705 0.5577149203125 0.35708713125 0.559850096875 0.377209646875
0 0.5921875 0.3 0.02265625 0.0703125
0 0.65546875 0.48671875 0.01171875 0.0546875
0 0.625654396875 0.4554028296875 0.6119723140625 0.34863906093749997 0.60150678125 0.3558840578125 0.6100177312499999 0.4689362640625 0.625654396875 0.4554028296875
0 0.6302150906249999 0.44036567812499994 0.6438971734375001 0.3411204859375 0.6333080140625 0.3306195234375 0.618487590625 0.4283359578125 0.6302150906249999 0.44036567812499994
0 0.604805509375 0.350142775 0.6236998140625001 0.30503132499999996 0.6166254 0.284902746875 0.59829023125 0.33660934062500003 0.604805509375 0.350142775
0 0.6640945312500001 0.4689362640625 0.6478063390625 0.3411204859375 0.640085325 0.35107176562500003 0.654321615625 0.47495112500000003 0.6640945312500001 0.4689362640625
0 0.6640625 0.42734375 0.01875 0.04140625
0 0.6625 0.384375 0.0140625 0.0453125
0 0.43203125 0.68984375 0.02578125 0.02734375
0 0.38984375 0.5859375 0.03359375 0.021875