0 0.70859375 0.11015625 0.0234375 0.13359375
0 0.73359375 0.315625 0.01328125 0.11328125
0 0.75546875 0.2328125 0.02734375 0.04765625
0 0.9453125 0.41015625 0.02421875 0.07265625
0 0.55234375 0.4125 0.03125 0.121875
0 0.33046875 0.24375 0.0296875 0.04453125
0 0.41875 0.43203125 0.046875 0.0640625
0 0.2046875 0.4296875 0.0359375 0.0421875
0 0.26953125 0.440625 0.01875 0.1015625
0 0.2875 0.6265625 0.03046875 0.06640625
0 0.31796875 0.67734375 0.040625 0.05703125
0 0.39921875 0.70859375 0.02109375 0.06875
0 0.37265625 0.77578125 0.0296875 0.0375
0 0.4015625 0.8359375 0.0421875 0.06015625
0 0.32265625 0.89765625 0.04296875 0.1125
0 0.36328125 0.96796875 0.021875 0.0609375
0 0.61796875 0.8859375 0.025 0.078125
0 0.6421875 0.89921875 0.03125 0.03671875
0 0.553125 0.85625 0.0140625 0.12421875
0 0.50078125 0.7875 0.03125 0.07109375
0 0.5086886140625 1 0.569005403125 0.9902927140625 0.5673528890624999 0.9619618421875 0.5053835828125 0.975452734375 0.5086886140625 1
0 0.53671875 0.978125 0.01171875 0.04375
0 0.4234375 0.9765625 0.01875 0.04375
0 0.3375 0.48203125 0.021875 0.0609375
0 0.171875 0.36640625 0.0203125 0.0421875