0 0.34765625 0.83359375 0.03203125 0.04140625
0 0.35234375 0.78203125 0.0375 0.0515625
0 0.39453125 0.92421875 0.0734375 0.04375
0 0.87421875 0.65234375 0.05625 0.03828125
0 0.91328125 0.8078125 0.06640625 0.0765625
0 0.93828125 0.7015625 0.0234375 0.0484375
0 0.8265625 0.96796875 0.04765625 0.03828125
0 0.73046875 0.9359375 0.03203125 0.0515625
0 0.9421875 0.92421875 0.04609375 0.028125
0 0.93984375 0.88203125 0.04296875 0.04140625
0 0.9796875 0.92578125 0.03203125 0.0359375
0 0.98203125 0.88984375 0.0359375 0.03046875
0 0.8953125 0.59140625 0.02421875 0.0796875
0 0.9207677875 0.6564102562499999 0.9294270453125 0.5333333328125 0.9135517390624999 0.538461540625 0.9077788999999999 0.646153846875 0.9207677875 0.6564102562499999
0 0.93984375 0.6421875 0.0375 0.03828125
0 0.80819743125 0.6564102562499999 0.72449126875 0.6256410265625 0.71727521875 0.64358974375 0.80819743125 0.6846153828125 0.80819743125 0.6564102562499999
0 0.76640625 0.63828125 0.03203125 0.02578125