0 0.4203125 0.3875 0.02578125 0.08359375
0 0.903125 0.53203125 0.03984375 0.0859375
0 0.98125 0.56484375 0.0375 0.078125
0 0.1546875 0.37734375 0.0640625 0.08828125
0 0.22578125 0.3734375 0.01875 0.0859375
0 0.053125 0.55 0.0328125 0.06015625
0 0.096875 0.51640625 0.034375 0.07578125
0 0.16015625 0.71171875 0.07109375 0.07578125
0 0.1984375 0.60859375 0.0328125 0.07265625
0 0.36328125 0.61015625 0.03125 0.0859375
0 0.41328125 0.68828125 0.046875 0.0703125
0 0.6109375 0.74140625 0.034375 0.05703125
0 0.02109375 0.7703125 0.03828125 0.109375
0 0.24921875 0.81328125 0.03828125 0.07578125
0 0.14296875 0.884375 0.0296875 0.03671875