0 0.6793673890624999 0.465770615625 0.7062837796875 0.399647609375 0.6849225984375 0.398770515625 0.6603675859375 0.4621964 0.6793673890624999 0.465770615625
0 0.7126170515625 0.4648770625 0.739533440625 0.39071206875 0.7115196109374999 0.3887621578125 0.6841173421875 0.46398350937500005 0.7126170515625 0.4648770625
0 0.66953125 0.515625 0.040625 0.06875
0 0.5921875 0.71796875 0.053125 0.03125
0 0.53671875 0.790625 0.025 0.0671875
0 0.58203125 0.796875 0.03671875 0.05859375
0 0.6234375 0.79765625 0.0390625 0.05390625
0 0.5921875 0.84609375 0.05390625 0.0140625
0 0.52578125 0.846875 0.0640625 0.01640625
0 0.3578125 0.7515625 0.0546875 0.08046875
0 0.328125 0.80703125 0.03828125 0.0609375
0 0.28984375 0.78046875 0.03125 0.07265625
0 0.259375 0.81875 0.04140625 0.03125
0 0.309375 0.54609375 0.0546875 0.04453125
0 0.55234375 0.27421875 0.08515625 0.04453125
0 0.4734375 0.25703125 0.08125 0.02421875
0 0.8609375 0.8015625 0.02578125 0.0875
0 0.76484375 0.771875 0.03515625 0.0375
0 0.81171875 0.7890625 0.05 0.02578125
0 0.79453125 0.76796875 0.03515625 0.03125
0 0.73984375 0.8296875 0.01875 0.04765625
0 0.7765625 0.821875 0.03125 0.02578125
0 0.790625 0.85546875 0.02421875 0.02265625
0 0.81796875 0.83359375 0.0359375 0.02890625