0 0.7109375 0.44765625 0.03125 0.1984375
0 0.59375 0.35234375 0.071875 0.16796875
0 0.5546875 0.4359375 0.09609375 0.12734375
0 0.76953125 0.2921875 0.09921875 0.0953125
0 0.8359375 0.51796875 0.0359375 0.06015625
0 0.81015625 0.7296875 0.0484375 0.034375
0 0.81640625 0.81484375 0.07109375 0.02734375
0 0.58203125 0.6359375 0.05546875 0.08203125
0 0.7 0.87421875 0.0328125 0.11640625
0 0.4828125 0.6796875 0.125 0.0421875
0 0.5375 0.6484375 0.0296875 0.05078125
0 0.39140625 0.57109375 0.08828125 0.11171875
0 0.51328125 0.61171875 0.06640625 0.01953125
0 0.30859375 0.65 0.1453125 0.03203125
0 0.3734375 0.68671875 0.06328125 0.0421875
0 0.43125 0.75859375 0.06484375 0.03046875
0 0.38515625 0.76015625 0.0484375 0.1140625
0 0.2625 0.7640625 0.1375 0.034375
0 0.09609375 0.8171875 0.02734375 0.10859375
0 0.14453125 0.94921875 0.05234375 0.05859375
0 0.196875 0.9453125 0.03046875 0.10625
0 0.3375 0.92578125 0.16484375 0.03125
0 0.40625 0.9734375 0.115625 0.053125