0 0.3671875 0.121875 0.04921875 0.025
0 0.48203125 0.16015625 0.0515625 0.0375
0 0.55625 0.24296875 0.04140625 0.034375
0 0.69453125 0.2171875 0.0234375 0.03203125
0 0.79921875 0.41796875 0.0234375 0.08203125
0 0.84609375 0.4875 0.01953125 0.05234375
0 0.86640625 0.65234375 0.0515625 0.0296875
0 0.64453125 0.36328125 0.0296875 0.03203125
0 0.484375 0.3796875 0.0234375 0.059375
0 0.3875 0.2703125 0.0234375 0.034375
0 0.3859375 0.6140625 0.0390625 0.046875
0 0.66171875 0.49765625 0.0515625 0.02265625
0 0.56953125 0.7390625 0.0375 0.0296875
0 0.65078125 0.68203125 0.0375 0.03984375