0 0.58515625 0.296875 0.0765625 0.109375
0 0.68984375 0.4890625 0.0640625 0.09921875
0 0.74609375 0.515625 0.04140625 0.09921875
0 0.49921875 0.3203125 0.04296875 0.11953125
0 0.296875 0.43046875 0.05 0.1171875
0 0.62109375 0.66875 0.05390625 0.10390625
0 0.44453125 0.7453125 0.04296875 0.1328125
0 0.41875 0.878125 0.02734375 0.1015625
0 0.6234375 0.971875 0.0375 0.05625
0 0.69453125 0.80546875 0.08671875 0.07578125
0 0.8671875 0.79609375 0.07265625 0.078125
0 0.8953125 0.87265625 0.03125 0.06015625