0 0.55703125 0.72265625 0.07734375 0.0328125
0 0.59296875 0.82109375 0.046875 0.05234375
0 0.6078125 0.91171875 0.071875 0.034375
0 0.3953125 0.8734375 0.071875 0.03125
0 0.4375 0.8796875 0.0171875 0.0390625
0 0.48984375 0.96328125 0.05546875 0.02421875
0 0.48671875 0.809375 0.02734375 0.0328125
0 0.48203125 0.73515625 0.02578125 0.0296875
0 0.353125 0.771875 0.10078125 0.02109375
0 0.32265625 0.80078125 0.0390625 0.0296875
0 0.225 0.80390625 0.07265625 0.0359375
0 0.21953125 0.76171875 0.0859375 0.0328125
0 0.240625 0.73203125 0.02578125 0.03828125
0 0.18515625 0.7328125 0.09765625 0.01796875
0 0.12578125 0.809375 0.034375 0.028125
0 0.128125 0.771875 0.04765625 0.01796875
0 0.05546875 0.80859375 0.06328125 0.0265625
0 0.0484375 0.971875 0.0265625 0.01796875
0 0.26875 0.959375 0.0859375 0.015625
0 0.2046875 0.9703125 0.04296875 0.01796875
0 0.340625 0.9171875 0.059375 0.0296875
0 0.31328125 0.86328125 0.04765625 0.05078125
0 0.64375 0.959375 0.07890625 0.01640625
0 0.6640625 0.9296875 0.03515625 0.03125