0 0.53046875 0.559375 0.0296875 0.0453125
0 0.4703125 0.20078125 0.02890625 0.09296875
0 0.41015625 0.18125 0.03046875 0.0875
0 0.7953125 0.37578125 0.03515625 0.06484375
0 0.91171875 0.47109375 0.03046875 0.07421875
0 0.934375 0.53984375 0.0296875 0.0515625
0 0.9546875 0.49921875 0.0421875 0.03125
0 0.72265625 0.95625 0.0203125 0.0234375
0 0.85390625 0.921875 0.01484375 0.0765625
0 0.8328125 0.97734375 0.01640625 0.03046875
0 0.740769834375 0.550932834375 0.6935079375 0.62744279375 0.7126138109375 0.6435501546875 0.75987570625 0.5710670359375001 0.740769834375 0.550932834375
0 0.8222211890625 0.6475769953125 0.7950707375 0.729456071875 0.8101543203125001 0.7401943140625 0.8371855406250001 0.6623845562499999 0.8222211890625 0.6475769953125
0 0.9147338375 0.6328119171875 0.8996502546875 0.7106641546875 0.9117171203125001 0.7146909953125 0.9272756296875 0.6376852468750001 0.9147338375 0.6328119171875
0 0.91775055625 0.763013071875 0.94691215 0.72811379375 0.9304931312500001 0.70104435 0.9016613984375 0.7415365921875 0.91775055625 0.763013071875
0 0.7921875 0.8 0.01484375 0.09765625
0 0.69296875 0.83359375 0.02578125 0.090625
0 0.66171875 0.62734375 0.0421875 0.05390625