0 0.5484375 0.434375 0.0375 0.04921875
0 0.5984375 0.58203125 0.028125 0.0734375
0 0.65546875 0.74609375 0.05546875 0.05625
0 0.409375 0.6265625 0.046875 0.06328125
0 0.221875 0.64296875 0.08046875 0.02890625
0 0.26953125 0.61328125 0.03984375 0.01953125
0 0.11484375 0.68984375 0.0421875 0.0625
0 0.21484375 0.78359375 0.02578125 0.06875
0 0.2109375 0.834375 0.071875 0.01484375
0 0.025 0.83671875 0.028125 0.04140625
0 0.05546875 0.4390625 0.05859375 0.10078125
0 0.11953125 0.42109375 0.06640625 0.05390625
0 0.06015625 0.31953125 0.046875 0.04375
0 0.16328125 0.26171875 0.059375 0.025
0 0.09375 0.23515625 0.03984375 0.04453125
0 0.221875 0.01875 0.059375 0.0375
0 0.08828125 0.09140625 0.0296875 0.03203125
0 0.14296875 0.071875 0.06015625 0.015625
0 0.1796875 0.1328125 0.03828125 0.059375
0 0.24140625 0.1 0.0703125 0.025
0 0.31015625 0.140625 0.0765625 0.03046875
0 0.1078125 0.91328125 0.04609375 0.03671875
0 0.16015625 0.89140625 0.0609375 0.021875
0 0.02421875 0.96484375 0.04375 0.02734375
0 0.1046875 0.9828125 0.04296875 0.034375
0 0.10625 0.95546875 0.065625 0.0265625
0 0.1546875 0.978125 0.0234375 0.04296875
0 0.3578125 0.95 0.03359375 0.0625
0 0.01953125 0.6453125 0.034375 0.03203125