0 0.5890625 0.1953125 0.02109375 0.08046875
0 0.61875 0.14296875 0.03125 0.03984375
0 0.64453125 0.44296875 0.02265625 0.1265625
0 0.6015625 0.4203125 0.0171875 0.11015625
0 0.53828125 0.63515625 0.02734375 0.1140625
0 0.5703125 0.65546875 0.034375 0.04375
0 0.590625 0.6765625 0.01484375 0.12421875
0 0.659375 0.73671875 0.02265625 0.02578125
0 0.6828125 0.7640625 0.0203125 0.0890625
0 0.6234375 0.92734375 0.0234375 0.0375
0 0.5578125 0.7890625 0.025 0.0765625
0 0.596875 0.8265625 0.01328125 0.03359375
0 0.50078125 0.7984375 0.03359375 0.06484375
0 0.3515625 0.58125 0.03671875 0.03671875
0 0.36484375 0.61484375 0.0359375 0.05
0 0.359375 0.66484375 0.028125 0.04296875
0 0.33671875 0.48515625 0.02890625 0.10390625
0 0.3609375 0.5046875 0.01640625 0.115625
0 0.36875 0.53984375 0.01171875 0.040625
0 0.43203125 0.48203125 0.02578125 0.04296875
0 0.46015625 0.50390625 0.01796875 0.0765625
0 0.49609375 0.45625 0.03046875 0.13203125
0 0.5421875 0.3390625 0.0390625 0.02421875
0 0.49375 0.321875 0.0375 0.09921875
0 0.5390625 0.4328125 0.021875 0.08359375
0 0.53515625 0.9515625 0.034375 0.0609375
0 0.49921875 0.225 0.01640625 0.1296875
0 0.47265625 0.23203125 0.0390625 0.02421875
0 0.31171875 0.946875 0.0203125 0.10625
0 0.38984375 0.4109375 0.02421875 0.0484375
0 0.45390625 0.36015625 0.0265625 0.04296875
0 0.6125 0.665625 0.02421875 0.07421875