0 0.171875 0.1703125 0.0375 0.05390625
0 0.334375 0.184375 0.034375 0.05703125
0 0.3921875 0.1453125 0.07578125 0.02578125
0 0.484375 0.11484375 0.08984375 0.01875
0 0.76484375 0.20625 0.08203125 0.03515625
0 0.75546875 0.1421875 0.08046875 0.02734375
0 0.77109375 0.096875 0.06875 0.0453125
0 0.9671875 0.1875 0.065625 0.08359375
0 0.66015625 0.3875 0.0921875 0.0734375
0 0.5828125 0.4703125 0.11796875 0.03515625
0 0.4078125 0.50625 0.08515625 0.03515625
0 0.55078125 0.64609375 0.1078125 0.04609375
0 0.2421875 0.09453125 0.02734375 0.05078125
0 0.26328125 0.24375 0.06796875 0.04765625
0 0.3953125 0.24609375 0.1109375 0.0296875
0 0.16328125 0.21875 0.08203125 0.02421875
0 0.04375 0.38515625 0.0265625 0.0546875
0 0.0734375 0.33515625 0.04375 0.06796875
0 0.103125 0.32421875 0.03828125 0.02734375
0 0.25234375 0.4796875 0.040625 0.025
0 0.021875 0.5984375 0.0375 0.06015625
0 0.2640625 0.65546875 0.065625 0.06015625
0 0.04921875 0.78046875 0.06484375 0.04140625
0 0.1890625 0.7421875 0.0578125 0.0453125
0 0.48046875 0.9328125 0.090625 0.0328125
0 0.5140625 0.97734375 0.05078125 0.03515625