0 0.3047138046875 0.69949495 0.1952861953125 0.065656565625 0.11447811562500002 0.10606060625 0.2272727265625 0.790404040625 0.3047138046875 0.69949495
0 0.1363636359375 0.9974747484375 0.240740740625 1 0.1885521875 0.47474747500000003 0.102693603125 0.5050505046875 0.1363636359375 0.9974747484375
0 0.3265993265625 0 0.34343434375 0.18181818125 0.471380471875 0.1363636359375 0.3989898984375 0 0.3265993265625 0
0 0.5 0.6717171734375 0.579124578125 0.674242425 0.5202020203125 0.4015151515625 0.434343434375 0.42171717343750004 0.5 0.6717171734375
0 0.6599326609375 0.833333334375 0.7272727265625 0.85606060625 0.69360269375 0.29292929375 0.5925925921874999 0.28282828125 0.6599326609375 0.833333334375
0 0.5808080796875 0.9393939390625 0.7777777765625 0.8510101000000001 0.865319865625 0.7020202015625 0.5723905734375 0.883838384375 0.5808080796875 0.9393939390625
0 0.81818181875 1 0.858585859375 0.7449494953125 0.7929292921875 0.75757575625 0.759259259375 1 0.81818181875 1
0 0.7727272734375 0.7348484843749999 0.8367003359374999 0.7146464640625 0.7929292921875 0.4469696984375 0.7340067328125001 0.44444444531249994 0.7727272734375 0.7348484843749999
0 0.5622895625 0.0050505046875000004 0.7828282828125 0.315656565625 0.8484848484375 0.290404040625 0.858585859375 0.0631313140625 0.5622895625 0.0050505046875000004
0 0.558922559375 0 0.525252525 0.01767676875 0.5370370359375001 0.383838384375 0.5875420874999999 0.4141414140625 0.558922559375 0
0 0.547138046875 0 0.5993266 0.21717171875000002 0.6750841750000001 0.2045454546875 0.59427609375 0 0.547138046875 0
0 0.3518518515625 0.4267676765625 0.570707071875 0.3989899 0.5673400671875 0.3055555546875 0.324915825 0.3510101 0.3518518515625 0.4267676765625