0 0.26796875 0.7109375 0.028125 0.0609375
0 0.81328125 0.5328125 0.0546875 0.03125
0 0.84296875 0.4796875 0.02734375 0.04921875
0 0.775 0.640625 0.03671875 0.04765625
0 0.575 0.859375 0.028125 0.06796875
0 0.81875 0.7609375 0.0359375 0.0609375
0 0.74921875 0.70703125 0.03359375 0.0609375
0 0.39296875 0.11484375 0.02265625 0.075
0 0.36484375 0.140625 0.025 0.03828125
0 0.83125 0.3515625 0.01484375 0.06796875
0 0.7875 0.83046875 0.04296875 0.0828125
0 0.72421875 0.6328125 0.03671875 0.0328125
0 0.23125 0.6875 0.0234375 0.04921875
0 0.84375 0.66875 0.05859375 0.0421875
0 0.72421875 0.29375 0.028125 0.040625
0 0.040625 0.96328125 0.01875 0.05625
0 0.2640625 0.56796875 0.015625 0.0921875
0 0.4984375 0.5984375 0.01484375 0.0953125
0 0.4609375 0.978125 0.01015625 0.04375
0 0.48125 0.97421875 0.02421875 0.0515625
0 0.503125 0.9515625 0.01328125 0.09140625
0 0.621875 0.77890625 0.02578125 0.05
0 0.7859375 0.940625 0.0140625 0.0375
0 0.86484375 0.87578125 0.01328125 0.06640625
0 0.85390625 0.83125 0.07109375 0.03828125
0 0.746875 0.825 0.009375 0.05
0 0.90390625 0.28515625 0.04609375 0.03984375
0 0.16484375 0.075 0.0546875 0.03125
0 0.6640625 0.490625 0.06953125 0.0328125
0 0.74609375 0.97265625 0.03125 0.0484375
0 0.6296875 0.9765625 0.025 0.04375
0 0.625 0.92734375 0.0296875 0.0390625
0 0.64453125 0.903125 0.034375 0.02578125
0 0.5734375 0.975 0.01328125 0.040625
0 0.5953125 0.9734375 0.02265625 0.04765625
0 0.6578125 0.95 0.0203125 0.03359375