0 0.41015625 0.39609375 0.046875 0.125
0 0.4484375 0.11015625 0.05 0.07734375
0 0.3015625 0.74375 0.04296875 0.0953125
0 0.48515625 0.36640625 0.06328125 0.065625
0 0.346875 0.82734375 0.053125 0.10703125
0 0.525 0.61328125 0.04296875 0.0953125
0 0.33515625 0.60703125 0.05 0.0953125
0 0.48671875 0.52109375 0.03984375 0.07734375
0 0.38984375 0.621875 0.053125 0.07734375
0 0.51796875 0.73828125 0.05 0.14296875
0 0.31640625 0.23671875 0.046875 0.121875
0 0.4765625 0.140625 0.0359375 0.10390625
0 0.28359375 0.134375 0.02109375 0.1984375
0 0.3484375 0.11328125 0.06640625 0.12109375
0 0.22578125 0.1296875 0.03671875 0.09609375
0 0.21484375 0.16328125 0.02265625 0.0546875
0 0.5125 0.8625 0.053125 0.03359375
0 0.465625 0.8828125 0.04296875 0.0484375
0 0.421875 0.87265625 0.04609375 0.08203125