0 0.19911504375 0.25663716875000003 0.15929203593750002 0.289823009375 0.1563421828125 0.30752212343749996 0.1681415921875 0.3141592921875 0.187315634375 0.28318584062499996 0.234513275 0.26769911562500004 0.24336283124999997 0.25442477812500003 0.19911504375 0.25663716875000003
0 0.24778761093749999 0.30530973437500003 0.2492625375 0.36061946875 0.23746312656250002 0.3871681421875 0.25811209375 0.371681415625 0.261061946875 0.3030973453125 0.2507374625 0.29424778749999997 0.24778761093749999 0.30530973437500003
0 0.35250737499999996 0.38053097343750003 0.3171091453125 0.48672566406250006 0.320058996875 0.5022123890625 0.33038348125 0.5022123890625 0.35840707968749996 0.41371681406249994 0.356932153125 0.378318584375 0.35250737499999996 0.38053097343750003
0 0.43805309687499994 0.4247787609375 0.42772861406249996 0.4247787609375 0.42625368750000003 0.43805309687499994 0.4365781703125 0.4579646015625 0.5147492625 0.5331858406250001 0.511799409375 0.5088495578125001 0.458702065625 0.4579646015625 0.43805309687499994 0.4247787609375
0 0.5280235984375 0.378318584375 0.470501475 0.38053097343750003 0.44542772812500003 0.371681415625 0.4424778765625 0.3871681421875 0.45575221250000003 0.3982300890625 0.5235988203125 0.3960176984375 0.5575221234375001 0.4092920359375 0.556047196875 0.39159292031250004 0.5280235984375 0.378318584375
0 0.510324484375 0.29424778749999997 0.510324484375 0.30752212343749996 0.526548671875 0.3362831859375 0.5648967546875 0.311946903125 0.5634218296875 0.298672565625 0.5176991156249999 0.28761061875 0.510324484375 0.29424778749999997
0 0.458702065625 0.14159292031249998 0.4070796453125 0.10398230156249999 0.40412979375 0.1194690265625 0.47492625312500003 0.1814159296875 0.502949853125 0.21902654843749997 0.5162241890625 0.216814159375 0.5132743359374999 0.19911504375 0.458702065625 0.14159292031249998
0 0.482300884375 0.1261061953125 0.49705014687500004 0.14159292031249998 0.5899705015625 0.17699115 0.5899705015625 0.161504425 0.48525073750000003 0.106194690625 0.482300884375 0.1261061953125
0 0.6002949859375 0.194690265625 0.5884955749999999 0.194690265625 0.5707964609375 0.2146017703125 0.569321534375 0.2367256640625 0.5840707968750001 0.25663716875000003 0.6224188796875 0.24557522187499997 0.6386430671875 0.223451328125 0.6327433625000001 0.20575221250000003 0.6002949859375 0.194690265625
0 0.672566371875 0.276548671875 0.6312684359375 0.30530973437500003 0.6238938046875 0.32079646093749997 0.6238938046875 0.3473451328125 0.6342182890625 0.3650442484375 0.6740412984375 0.3761061953125 0.6607669609375 0.30530973437500003 0.6858407078125001 0.28318584062499996 0.672566371875 0.276548671875
0 0.6622418875 0.3318584078125 0.6489675515625 0.311946903125 0.6342182890625 0.30752212343749996 0.6268436578125 0.31858407031249997 0.6238938046875 0.338495575 0.6297935109374999 0.35840707968749996 0.657817109375 0.3761061953125 0.672566371875 0.3761061953125 0.6740412984375 0.3650442484375 0.6622418875 0.3318584078125
0 0.6622418875 0.473451328125 0.6607669609375 0.48672566406250006 0.6696165187500001 0.49557522187499997 0.7522123890625 0.4424778765625 0.7640118 0.422566371875 0.7522123890625 0.42035398281249997 0.6622418875 0.473451328125
0 0.6961651921875001 0.42699115 0.6917404125 0.43805309687499994 0.7035398234375 0.44469026562499997 0.7551622421874999 0.41150442500000006 0.7551622421874999 0.40486725625000003 0.746312684375 0.3982300890625 0.6961651921875001 0.42699115
0 0.74188790625 0.3871681421875 0.7286135687499999 0.35840707968749996 0.709439528125 0.3628318578125 0.7153392328125 0.3871681421875 0.74188790625 0.3871681421875
0 0.7182890859375 0.49336283124999997 0.7492625375 0.482300884375 0.7772861359375 0.451327434375 0.7699115046875 0.44469026562499997 0.7212389375 0.48008849531250003 0.7182890859375 0.49336283124999997
0 0.5884955749999999 0.5641592921874999 0.5870206484375 0.5199115046875 0.5752212390625 0.5199115046875 0.5737463125 0.548672565625 0.58112094375 0.5862831859375001 0.6032448375 0.6681415921875 0.6106194687500001 0.67699115 0.6091445421875 0.6415929203124999 0.5884955749999999 0.5641592921874999
0 0.62536873125 0.49557522187499997 0.6091445421875 0.482300884375 0.6209439531250001 0.5243362828125 0.6165191734375 0.643805309375 0.62536873125 0.6482300890625 0.6312684359375 0.6371681421875001 0.6327433625000001 0.5199115046875 0.62536873125 0.49557522187499997
0 0.6887905609375 0.5420353984374999 0.6592920359375001 0.5398230093749999 0.6563421828125 0.548672565625 0.6666666671875 0.5752212390625 0.6799410031249999 0.5884955749999999 0.6961651921875001 0.5818584078125 0.69764011875 0.5641592921874999 0.6887905609375 0.5420353984374999
0 0.7551622421874999 0.7256637171875 0.8038348078125 0.6526548671875 0.8171091453124999 0.6194690265625 0.77286135625 0.6681415921875 0.7551622421874999 0.701327434375 0.7551622421874999 0.7256637171875
0 0.790560471875 0.59513274375 0.7492625375 0.5663716812499999 0.7330383484375 0.57300885 0.7345132750000001 0.5840707968750001 0.75811209375 0.5884955749999999 0.8082595875 0.6327433625000001 0.834808259375 0.5973451328125 0.8333333328125001 0.5884955749999999 0.790560471875 0.59513274375
0 0.8274336281249999 0.754424778125 0.8023598812499999 0.6902654874999999 0.793510325 0.6858407078125001 0.790560471875 0.701327434375 0.7964601765625 0.7168141593749999 0.8303834812499999 0.776548671875 0.8436578171875 0.7831858406250001 0.8480825953125001 0.7743362828125 0.8274336281249999 0.754424778125
0 0.6784660765625 0.8141592921875 0.6755162234375 0.8252212390624999 0.6637168140624999 0.8141592921875 0.650442478125 0.8207964609375 0.6297935109374999 0.8119469031250001 0.5929203546874999 0.8119469031250001 0.5929203546874999 0.8252212390624999 0.6784660765625 0.849557521875 0.702064896875 0.8407079640624999 0.702064896875 0.8318584078125 0.68436578125 0.8141592921875 0.6784660765625 0.8141592921875
0 0.55162241875 0.834070796875 0.5501474921875 0.8628318578125 0.5545722718749999 0.8672566375 0.5796460171875 0.7699115046875 0.5752212390625 0.754424778125 0.5663716812499999 0.7588495578125001 0.55162241875 0.834070796875
0 0.0722713859375 0.8738938046875001 0.076696165625 0.900442478125 0.135693215625 0.9778761062499999 0.13126843593749998 0.94911504375 0.098820059375 0.9070796453125001 0.0825958703125 0.8716814156250001 0.0722713859375 0.8738938046875001
0 0.69911504375 0.8738938046875001 0.6932153390625 0.8694690265625 0.67699115 0.8827433625 0.6150442484374999 0.900442478125 0.613569321875 0.9115044250000001 0.6194690265625 0.915929203125 0.643067846875 0.9026548671875 0.687315634375 0.8960176984375 0.6961651921875001 0.8893805312499999 0.69911504375 0.8738938046875001
0 0.5058997046875 0.9115044250000001 0.50737463125 0.9269911499999999 0.5206489671875 0.9292035390625 0.58112094375 0.8871681421875 0.5752212390625 0.8761061953124999 0.5235988203125 0.9115044250000001 0.5058997046875 0.9115044250000001
0 0.7182890859375 0.9977876109375 0.7374631265625 0.9977876109375 0.7699115046875 0.9402654874999999 0.7699115046875 0.9203539828125 0.74336283125 0.951327434375 0.7182890859375 0.9977876109375
0 0.7817109140625 0.9977876109375 0.7949852500000001 0.9977876109375 0.7949852500000001 0.8694690265625 0.78613569375 0.8650442484375 0.7831858406250001 0.8716814156250001 0.7817109140625 0.9977876109375
0 0.8259587015625 0.798672565625 0.8244837765625 0.8384955749999999 0.8038348078125 0.9225663718750001 0.8171091453124999 0.90486725625 0.842182890625 0.8230088500000001 0.84513274375 0.7920353984374999 0.8259587015625 0.798672565625
0 0.8407079640624999 0.7942477875 0.8067846609375 0.7787610625 0.790560471875 0.805309734375 0.75663716875 0.8274336281249999 0.7610619468750001 0.8429203546874999 0.7787610625 0.8429203546874999 0.8023598812499999 0.8141592921875 0.8185840703125 0.8030973453125 0.8289085546875 0.8119469031250001 0.8407079640624999 0.7942477875
0 0.3215339234375 0.6039823015625 0.3215339234375 0.6349557515625001 0.3480825953125 0.7057522125 0.3510324484375 0.6880530968749999 0.3362831859375 0.6482300890625 0.33038348125 0.6039823015625 0.3215339234375 0.6039823015625
0 0.7640118 0.7654867249999999 0.7168141593749999 0.7787610625 0.6902654874999999 0.798672565625 0.6887905609375 0.8207964609375 0.7640118 0.7654867249999999
0 0.7949852500000001 0.74336283125 0.7743362828125 0.7256637171875 0.7640118 0.7323008843750001 0.75811209375 0.7522123890625 0.7610619468750001 0.7676991156249999 0.7831858406250001 0.7809734515625 0.80088495625 0.776548671875 0.8023598812499999 0.7610619468750001 0.7949852500000001 0.74336283125
0 0.532448378125 0.8097345125000001 0.5176991156249999 0.834070796875 0.5 0.8827433625 0.504424778125 0.8982300890625 0.5147492625 0.8915929203124999 0.5147492625 0.8761061953124999 0.5398230093749999 0.8141592921875 0.532448378125 0.8097345125000001
0 0.5235988203125 0.7654867249999999 0.511799409375 0.7654867249999999 0.5014749265625 0.7787610625 0.5 0.798672565625 0.5058997046875 0.8119469031250001 0.5294985249999999 0.8141592921875 0.5383480828125 0.798672565625 0.5353982296875001 0.7809734515625 0.5235988203125 0.7654867249999999
0 0.3731563421875 0.7964601765625 0.36725663750000004 0.805309734375 0.3687315640625 0.8318584078125 0.3849557515625 0.8539823015625 0.3908554578125 0.856194690625 0.41002949843750003 0.8252212390624999 0.38938053125 0.7942477875 0.3731563421875 0.7964601765625
0 0.41150442500000006 0.9181415921875 0.4129793515625 0.8982300890625 0.40412979375 0.856194690625 0.40117994062499995 0.849557521875 0.3834808265625 0.8517699109375 0.41150442500000006 0.9181415921875
0 0.43436578125 0.8650442484375 0.415929203125 0.8429203546874999 0.41887905625000005 0.8274336281249999 0.4026548671875 0.8473451328125 0.4056047203125 0.8672566375 0.4174041296875 0.8761061953124999 0.4542772859375 0.8783185843749999 0.466076696875 0.8716814156250001 0.46312684375 0.8606194687500001 0.43436578125 0.8650442484375