0 0.315625 0.4265625 0.028125 0.04453125
0 0.5078125 0.7578125 0.028125 0.06015625
0 0.3390625 0.565625 0.01484375 0.06171875
0 0.40234375 0.63046875 0.009375 0.0515625
0 0.4390625 0.58828125 0.015625 0.040625
0 0.46796875 0.55859375 0.0109375 0.06484375
0 0.4203125 0.615625 0.0140625 0.046875
0 0.37578125 0.528125 0.02421875 0.03828125
0 0.35234375 0.421875 0.01015625 0.0546875
0 0.47109375 0.63125 0.0328125 0.025
0 0.5140625 0.67890625 0.03515625 0.01953125
0 0.43046875 0.73828125 0.02109375 0.025
0 0.36875 0.69921875 0.0265625 0.05078125
0 0.36953125 0.771875 0.034375 0.02578125
0 0.42734375 0.815625 0.021875 0.04453125
0 0.4734375 0.453125 0.0484375 0.03515625
0 0.4125 0.4484375 0.03984375 0.02265625
0 0.43515625 0.478125 0.009375 0.04921875
0 0.6390625 0.428125 0.02421875 0.02421875
0 0.62578125 0.41015625 0.0296875 0.01875
0 0.64140625 0.38046875 0.02109375 0.0359375
0 0.6109375 0.371875 0.03515625 0.03125
0 0.6296875 0.33203125 0.0140625 0.046875
0 0.51484375 0.44140625 0.02890625 0.028125
0 0.54140625 0.4109375 0.021875 0.03671875
0 0.46328125 0.39375 0.02109375 0.07109375
0 0.44296875 0.3640625 0.01953125 0.05234375
0 0.4703125 0.340625 0.0296875 0.01640625
0 0.65 0.64765625 0.0484375 0.03359375
0 0.5125 0.86875 0.01484375 0.04375
0 0.70234375 0.565625 0.040625 0.04140625
0 0.70703125 0.53359375 0.00703125 0.03203125
0 0.72421875 0.5 0.0140625 0.0484375
0 0.4953125 0.3015625 0.0390625 0.04453125
0 0.50234375 0.3828125 0.0375 0.0234375
0 0.4375 0.3203125 0.03984375 0.01484375
0 0.57109375 0.3453125 0.0140625 0.03046875
0 0.44765625 0.8796875 0.03203125 0.0234375
0 0.5203125 0.3484375 0.03203125 0.0328125
0 0.69921875 0.671875 0.01640625 0.03828125
0 0.71328125 0.65703125 0.01171875 0.0703125