0 0.678125 0.590625 0.0140625 0.0265625
0 0.746875 0.725 0.025 0.04140625
0 0.815625 0.3765625 0.02265625 0.0359375
0 0.58984375 0.4734375 0.0140625 0.05703125
0 0.82578125 0.45 0.0140625 0.05390625
0 0.63984375 0.609375 0.015625 0.05
0 0.878125 0.51328125 0.009375 0.0265625
0 0.6984375 0.2578125 0.03046875 0.04765625
0 0.65 0.428125 0.0125 0.02734375
0 0.71171875 0.50703125 0.01953125 0.01953125
0 0.7625 0.54609375 0.0140625 0.06015625
0 0.9171875 0.3203125 0.0328125 0.0515625
0 0.884375 0.3453125 0.02890625 0.02578125
0 0.7359375 0.30390625 0.01875 0.02265625
0 0.80703125 0.62578125 0.0078125 0.0390625
0 0.6609375 0.6234375 0.0171875 0.03046875
0 0.5171875 0.4484375 0.02734375 0.03515625
0 0.5140625 0.4234375 0.00625 0.03984375
0 0.5375 0.51640625 0.0125 0.02578125
0 0.5125 0.5234375 0.01484375 0.02734375
0 0.52265625 0.575 0.01171875 0.03125
0 0.55 0.575 0.0265625 0.04140625
0 0.56875 0.603125 0.0078125 0.025
0 0.521875 0.61328125 0.028125 0.0109375
0 0.76171875 0.7328125 0.009375 0.06015625
0 0.775 0.72421875 0.0171875 0.053125
0 0.87578125 0.76328125 0.028125 0.01875
0 0.8640625 0.734375 0.01875 0.0390625
0 0.82265625 0.765625 0.04140625 0.02265625
0 0.8125 0.73203125 0.01015625 0.04609375
0 0.81640625 0.8109375 0.034375 0.015625
0 0.82109375 0.796875 0.02578125 0.01953125
0 0.79296875 0.81640625 0.025 0.01484375
0 0.72890625 0.8296875 0.01171875 0.021875
0 0.721875 0.8125 0.04375 0.015625
0 0.58984375 0.74765625 0.0109375 0.053125
0 0.6109375 0.76171875 0.021875 0.034375
0 0.6015625 0.69921875 0.00859375 0.05390625
0 0.615625 0.68203125 0.01875 0.01796875
0 0.64765625 0.77421875 0.009375 0.0421875
0 0.66484375 0.75390625 0.021875 0.03515625
0 0.68203125 0.75546875 0.01171875 0.015625
0 0.5484375 0.67109375 0.0390625 0.0140625
0 0.534375 0.65234375 0.021875 0.0109375
0 0.5609375 0.64609375 0.01875 0.02734375
0 0.6828125 0.83515625 0.01328125 0.0109375
0 0.67109375 0.796875 0.01953125 0.02109375