0 0.53125 0.51953125 0.03046875 0.04296875
0 0.49375 0.528125 0.04453125 0.034375
0 0.74140625 0.69921875 0.0171875 0.03671875
0 0.4578125 0.5765625 0.0359375 0.028125
0 0.66640625 0.571875 0.02265625 0.04921875
0 0.63828125 0.8515625 0.034375 0.04296875
0 0.78671875 0.490625 0.04140625 0.03203125
0 0.77734375 0.67578125 0.03984375 0.0234375
0 0.43125 0.39140625 0.028125 0.028125
0 0.71640625 0.47421875 0.00859375 0.0609375
0 0.68984375 0.478125 0.03671875 0.015625
0 0.68046875 0.4578125 0.02421875 0.0265625
0 0.403125 0.48515625 0.028125 0.05
0 0.4125 0.53515625 0.04140625 0.03359375
0 0.32265625 0.58828125 0.03125 0.02421875
0 0.46171875 0.75703125 0.01171875 0.06640625
0 0.6890625 0.865625 0.0328125 0.01640625
0 0.53671875 0.4625 0.03984375 0.0203125