0 0.3375 0.34453125 0.03125 0.04921875
0 0.228125 0.48984375 0.01796875 0.034375
0 0.20390625 0.66328125 0.03984375 0.01875
0 0.7484375 0.39453125 0.05234375 0.02265625
0 0.36875 0.03046875 0.03046875 0.03828125
0 0.375 0.44921875 0.01875 0.05234375
0 0.32890625 0.46484375 0.021875 0.03359375
0 0.35546875 0.53203125 0.0234375 0.04609375
0 0.3625 0.59140625 0.015625 0.04140625
0 0.440625 0.74140625 0.034375 0.04375
0 0.590625 0.359375 0.02265625 0.0515625
0 0.53671875 0.384375 0.021875 0.0484375
0 0.5 0.5890625 0.03046875 0.03515625