0 0.0954545453125 0.3454545453125 0.065151515625 0.4045454546875 0.059090909375 0.48181818125 0.075757575 0.4977272734375 0.08181818125 0.4272727265625 0.10757575781249999 0.3636363640625 0.10757575781249999 0.3477272734375 0.0954545453125 0.3454545453125
0 0.096969696875 0.615909090625 0.1 0.6 0.071212121875 0.5636363640625001 0.057575757812499996 0.5727272734375 0.05606060625 0.5909090906250001 0.071212121875 0.63181818125 0.0878787875 0.6522727265625 0.10303030312499999 0.6522727265625 0.10757575781249999 0.640909090625 0.096969696875 0.615909090625
0 0.13030302968750002 0.6727272734375 0.1454545453125 0.6295454546875 0.1515151515625 0.584090909375 0.1363636359375 0.575 0.121212121875 0.615909090625 0.1121212125 0.759090909375 0.09848484843750001 0.7954545453125 0.09848484843750001 0.815909090625 0.1196969703125 0.7886363640625 0.128787878125 0.7363636359375 0.13030302968750002 0.6727272734375
0 0.1378787875 0.79318181875 0.125757575 0.790909090625 0.1166666671875 0.80681818125 0.0863636359375 0.825 0.0166666671875 0.8295454546875 0.0196969703125 0.8454545453125 0.03181818125 0.85 0.1227272734375 0.8409090906250001 0.1378787875 0.825 0.140909090625 0.8022727265625 0.1378787875 0.79318181875
0 0.3621212125 0.8954545453125 0.38030302968749996 0.8886363640624999 0.378787878125 0.8681818187499999 0.36060606093750003 0.8613636359375001 0.34090909062499997 0.8386363640625 0.325757575 0.78181818125 0.3075757578125 0.74318181875 0.29242424218749996 0.7386363640625 0.2696969703125 0.765909090625 0.27272727343750003 0.775 0.2863636359375 0.7636363640625 0.30606060625 0.7840909093749999 0.324242425 0.8454545453125 0.34393939375000004 0.884090909375 0.3621212125 0.8954545453125
0 0.359090909375 0.7772727265625 0.35606060624999997 0.7545454546875 0.3363636359375 0.7295454546875 0.234848484375 0.6590909093749999 0.20909090937500002 0.6272727265625 0.2 0.6272727265625 0.19696969687500002 0.640909090625 0.2075757578125 0.6590909093749999 0.309090909375 0.740909090625 0.3166666671875 0.775 0.346969696875 0.7863636359374999 0.359090909375 0.7772727265625
0 0.6545454546875 0.825 0.6424242421875 0.8522727265625001 0.64393939375 0.8795454546875 0.6303030296875 0.9727272734374999 0.628787878125 0.9977272734374999 0.64393939375 0.9977272734374999 0.6545454546875 0.890909090625 0.6727272734375 0.84318181875 0.6666666671875 0.825 0.6545454546875 0.825
0 0.8242424249999999 0.9272727265625 0.815151515625 0.8954545453125 0.7803030296875 0.8704545453125 0.7545454546875 0.8704545453125 0.75 0.8727272734374999 0.7545454546875 0.890909090625 0.784848484375 0.9 0.80606060625 0.9363636359375 0.8136363640625 0.9386363640625 0.8242424249999999 0.9272727265625
0 0.8378787875 0.8022727265625 0.834848484375 0.7727272734375 0.7863636359374999 0.74318181875 0.7833333328125 0.7545454546875 0.790909090625 0.7863636359374999 0.80606060625 0.8204545453125001 0.815151515625 0.8318181812500001 0.8303030296875 0.825 0.8378787875 0.8022727265625
0 0.9166666671874999 0.5 0.9045454546875 0.515909090625 0.9106060609375 0.5863636359375 0.9212121218749999 0.615909090625 0.9272727265625 0.61818181875 0.93181818125 0.609090909375 0.9333333328125001 0.5113636359375 0.9166666671874999 0.5
0 0.94393939375 0.23181818125000003 0.9272727265625 0.15909090937499998 0.915151515625 0.15 0.903030303125 0.1613636359375 0.9090909093749999 0.2045454546875 0.9242424249999999 0.2272727265625 0.95 0.3 0.9742424249999999 0.3386363640625 0.9696969703124999 0.29545454531250004 0.94393939375 0.23181818125000003
0 0.8242424249999999 0.43636363593749994 0.8409090906250001 0.3386363640625 0.859090909375 0.3227272734375 0.8742424249999999 0.26818181874999997 0.8575757578125 0.2545454546875 0.8333333328125001 0.290909090625 0.8166666671874999 0.41136363593749997 0.8 0.4522727265625 0.7727272734375 0.4795454546875 0.775757575 0.5 0.8136363640625 0.45909090937499997 0.8242424249999999 0.43636363593749994
0 0.7439393937500001 0.315909090625 0.7515151515625 0.2863636359375 0.75 0.16363636406249998 0.7606060609374999 0.075 0.7454545453125 0.06818181875 0.7363636359375 0.07954545468749999 0.7378787875 0.0954545453125 0.73181818125 0.10681818125 0.7393939390625001 0.1555555546875 0.7363636359375 0.2795454546875 0.7393939390625001 0.3136363640625 0.7439393937500001 0.315909090625
0 0.6696969703125 0.23409090937500002 0.6772727265625 0.1613636359375 0.6590909093749999 0.1545454546875 0.653030303125 0.16363636406249998 0.64393939375 0.2 0.6575757578125 0.2795454546875 0.674242425 0.334090909375 0.7 0.3772727265625 0.703030303125 0.3704545453125 0.6696969703125 0.23409090937500002
0 0.33030302968749997 0.48863636406250005 0.324242425 0.484090909375 0.28181818125 0.465909090625 0.2015151515625 0.41363636406250004 0.190909090625 0.41590909062500003 0.1878787875 0.425 0.309090909375 0.5 0.315151515625 0.515909090625 0.32121212187500003 0.51818181875 0.33030302968749997 0.5045454546875 0.33030302968749997 0.48863636406250005
0 0.6454545453125 0.5772727265625 0.6454545453125 0.53181818125 0.628787878125 0.4727272734375 0.6121212125 0.46363636406250003 0.6136363640625 0.4863636359375 0.628787878125 0.5227272734375 0.628787878125 0.6022727265625 0.634848484375 0.6022727265625 0.6424242421875 0.5954545453125 0.6454545453125 0.5772727265625
0 0.403030303125 0.4795454546875 0.3363636359375 0.6022727265625 0.33484848437500003 0.6113636359375 0.34090909062499997 0.6136363640625 0.3954545453125 0.5295454546875 0.4227272734375 0.5045454546875 0.4227272734375 0.48863636406250005 0.403030303125 0.4795454546875
0 0.4227272734375 0.5 0.43333333281249997 0.4977272734375 0.415151515625 0.4477272734375 0.3772727265625 0.38181818125 0.3636363640625 0.390909090625 0.375757575 0.43181818125 0.38939393906249997 0.4454545453125 0.403030303125 0.48181818125 0.41818181875000004 0.4863636359375 0.4227272734375 0.5
0 0.46363636406250003 0.5977272734375 0.46363636406250003 0.5727272734375 0.453030303125 0.5545454546874999 0.41060606093749996 0.5363636359374999 0.403030303125 0.540909090625 0.4015151515625 0.5522727265625 0.4075757578125 0.5613636359374999 0.44090909062500006 0.575 0.4484848484375 0.6045454546875 0.4575757578125 0.60681818125 0.46363636406250003 0.5977272734375
0 0.42878787812499997 0.4 0.42878787812499997 0.3795454546875 0.409090909375 0.35681818125000003 0.38030302968749996 0.35681818125000003 0.278787878125 0.30681818125000004 0.27272727343750003 0.315909090625 0.274242425 0.3272727265625 0.3878787875 0.3772727265625 0.396969696875 0.3954545453125 0.421212121875 0.409090909375 0.42878787812499997 0.4
0 0.4303030296875 0.3477272734375 0.4984848484375 0.3227272734375 0.5287878781249999 0.29545454531250004 0.5287878781249999 0.2772727265625 0.5121212125 0.265909090625 0.48484848437499994 0.2795454546875 0.471212121875 0.309090909375 0.353030303125 0.3636363640625 0.346969696875 0.3795454546875 0.3333333328125 0.3886363640625 0.3272727265625 0.4045454546875 0.3454545453125 0.409090909375 0.3545454546875 0.3886363640625 0.374242425 0.3727272734375 0.3878787875 0.375 0.4303030296875 0.3477272734375
0 0.5767715953125 0.5671296890625 0.5659479796875 0.5238420296874999 0.5010062937499999 0.5008454609374999 0.4522287609375 0.421875 0.44959412656250003 0.4440304109375 0.4748492265625 0.5089618984375 0.5352810734375 0.5346639453125 0.5542223984375 0.569835165625 0.5767715953125 0.5671296890625
0 0.5343791062500001 0.6158283015625 0.5379869765625 0.655057740625 0.5605361734375001 0.62800295625 0.6011247265625 0.5251947703125001 0.5842633921875 0.513866340625 0.5343791062500001 0.6158283015625