0 0.2282958203125 0.2718052734375 0.2315112546875 0.247464503125 0.2508038578125 0.21298174374999998 0.25884244375 0.2150101421875 0.3135048234375 0.14604462499999998 0.3215434078125 0.1034482765625 0.3135048234375 0.0669371203125 0.2781350484375 0.022312373437499998 0.2652733125 0.020283975000000003 0.2572347265625 0.048681542187499996 0.2749196140625 0.052738335937500005 0.28778135 0.0872210953125 0.2893890671875 0.1075050703125 0.279742765625 0.1359026375 0.181672025 0.2434077078125 0.180064309375 0.26572008125 0.1688102890625 0.2799188640625 0.1639871375 0.3062880328125 0.176848875 0.32251521250000004 0.1945337625 0.3265720078125 0.2282958203125 0.2718052734375
0 0.2684887453125 0.3894523328125 0.2813504828125 0.37525355 0.3038585203125 0.28397565937499997 0.337620578125 0.22312373281250003 0.3601286171875 0.21298174374999998 0.3745980703125 0.1967545640625 0.3762057875 0.184584178125 0.3456591640625 0.190669371875 0.337620578125 0.15212981718750002 0.3167202578125 0.20486815468750003 0.2636655953125 0.28397565937499997 0.22186495156250002 0.4279918859375 0.1929260453125 0.48073022343750005 0.191318328125 0.4989858015625 0.20257234687499998 0.5070993921875 0.215434084375 0.5070993921875 0.24115755625 0.48275862031249994 0.2540192921875 0.4543610546875 0.2684887453125 0.3894523328125
0 0.3954983921875 0.9533468562499999 0.403536978125 0.9371196749999999 0.40514469531249997 0.9127789046875 0.368167203125 0.8782961453125001 0.3215434078125 0.87018255625 0.2717041796875 0.8478701828125 0.215434084375 0.8093306281249999 0.1897106109375 0.8012170390625 0.155948553125 0.7768762671875 0.1398713828125 0.75456389375 0.1237942125 0.7505071 0.1334405140625 0.778904665625 0.220257234375 0.862068965625 0.3038585203125 0.8945233265624999 0.3456591640625 0.9330628796875 0.3842443734375 0.9553752531249999 0.3954983921875 0.9533468562499999
0 0.7186495171875 0.9026369171875 0.7250803859375 0.9208924953125001 0.71221865 0.97363083125 0.7427652734375 0.9574036515625 0.7491961421875 0.935091278125 0.7459807078125 0.8884381343750001 0.7250803859375 0.8580121703125 0.6961414796875001 0.8438133875 0.58199356875 0.8864097359375 0.561093246875 0.8803245437499999 0.5192926046874999 0.8843813390624999 0.503215434375 0.90060851875 0.5080385859375001 0.9310344828125 0.56430868125 0.9411764703125 0.6334405140625 0.9229208921875 0.6784565921875 0.8864097359375 0.702572346875 0.8904665312500001 0.7186495171875 0.9026369171875
0 0.78778135 0.7971602437499999 0.802250803125 0.772819471875 0.8038585203125 0.74442190625 0.7926045015625001 0.7322515218750001 0.7749196140625 0.7322515218750001 0.7427652734375 0.716024340625 0.72347266875 0.7261663281249999 0.72347266875 0.7403651109375 0.70578778125 0.7464503046875001 0.6929260453125 0.772819471875 0.6945337625 0.825557809375 0.7282958203125001 0.853955375 0.747588425 0.853955375 0.7636655953125 0.845841784375 0.7861736328125 0.8154158218750001 0.78778135 0.7971602437499999
0 0.414790996875 0.419878296875 0.4485530546875 0.3326572015625 0.49356913125 0.2494929 0.5482315109375 0.1805273828125 0.5578778140625 0.164300203125 0.556270096875 0.154158215625 0.5096463015625 0.1886409734375 0.46945337656249997 0.237322515625 0.40675241093750003 0.350912778125 0.3922829578125 0.36308316406249996 0.3842443734375 0.3894523328125 0.368167203125 0.40770791093750003 0.3697749203125 0.4340770796875 0.3585209 0.450304259375 0.3569131828125 0.4705882359375 0.368167203125 0.48478701874999997 0.3987138265625 0.48073022343750005 0.40514469531249997 0.45841785 0.42282958125 0.44421906718750004 0.414790996875 0.419878296875
0 0.49356913125 0.2494929 0.556270096875 0.16835699843750002 0.556270096875 0.154158215625 0.5128617359375001 0.18661257656250002 0.46623794218750003 0.24137931093749998 0.43408360156250003 0.2900608515625 0.3890675234375 0.387423934375 0.3713826359375 0.40770791093750003 0.3713826359375 0.430020284375 0.3585209 0.45233265781250004 0.3569131828125 0.46855983749999996 0.36495176875 0.48275862031249994 0.397106109375 0.48275862031249994 0.4276527328125 0.377281946875 0.4630225078125 0.30223123749999997 0.49356913125 0.2494929
0 0.715434084375 0.1257606484375 0.68810289375 0.12981744374999998 0.6832797421875 0.154158215625 0.6189710609375 0.20283975625 0.5305466234375 0.34077079062500004 0.51125401875 0.34482758593749996 0.503215434375 0.356997971875 0.5016077171875 0.36916835625 0.5225080390625 0.38133874218749997 0.55948553125 0.36308316406249996 0.627009646875 0.2494929 0.7170418 0.154158215625 0.715434084375 0.1257606484375
0 0.7926045015625001 0.1764705875 0.7861736328125 0.1602434078125 0.7636655953125 0.137931034375 0.762057878125 0.08113590312499999 0.752411575 0.0588235296875 0.7299035375 0.040567951562499996 0.702572346875 0.040567951562499996 0.680064309375 0.05679513125 0.6688102890625001 0.0851926984375 0.6720257234375 0.1257606484375 0.7009646296875001 0.164300203125 0.7009646296875001 0.1805273828125 0.7684887453125 0.20486815468750003 0.7861736328125 0.1987829609375 0.7926045015625001 0.1764705875
0 0.3167202578125 0.3651115625 0.368167203125 0.3975659234375 0.3842443734375 0.3894523328125 0.397106109375 0.3711967546875 0.393890675 0.356997971875 0.3215434078125 0.3346855984375 0.2926045015625 0.30425963437500003 0.273311896875 0.3002028390625 0.279742765625 0.3265720078125 0.290996784375 0.3367139953125 0.290996784375 0.346855984375 0.2829582 0.34888438125 0.290996784375 0.3651115625 0.3167202578125 0.3651115625
0 0.702572346875 0.5253549703125 0.7041800640625 0.5354969578125 0.720257234375 0.539553753125 0.7363344046875 0.5557809328125 0.747588425 0.5456389453125 0.744372990625 0.5070993921875 0.720257234375 0.48884381406250005 0.6639871375 0.48884381406250005 0.5546623796875 0.4543610546875 0.4951768484375 0.41582150156250003 0.47106109375000005 0.3894523328125 0.4549839234375 0.3853955375 0.4549839234375 0.3975659234375 0.4774919609375 0.4361054765625 0.5176848875 0.450304259375 0.56430868125 0.4989858015625 0.67041800625 0.5253549703125 0.702572346875 0.5253549703125
0 0.9115755625 0.438133875 0.8954983921874999 0.4178498984375 0.8842443734375 0.387423934375 0.8520900328125001 0.3793103453125 0.8135048234375001 0.3914807296875 0.7749196140625 0.3245436109375 0.747588425 0.3326572015625 0.7572347265625 0.41582150156250003 0.7893890671875 0.48884381406250005 0.8086816718750001 0.5172413796875001 0.8601286171875 0.5314401625 0.9019292609375 0.5010141984375001 0.9115755625 0.438133875
0 0.43408360156250003 0.27383367187499996 0.41800643125 0.27586206875 0.319935690625 0.30223123749999997 0.3488745984375 0.320486815625 0.414790996875 0.3184584171875 0.4276527328125 0.3062880328125 0.43729903593749997 0.2819472609375 0.43408360156250003 0.27383367187499996
0 0.5659163984375 0.2616632859375 0.549839228125 0.25557809374999996 0.5 0.257606490625 0.4807073953125 0.2778904671875 0.479099678125 0.2961460453125 0.485530546875 0.30223123749999997 0.51125401875 0.2981744421875 0.5482315109375 0.3062880328125 0.567524115625 0.2778904671875 0.5659163984375 0.2616632859375
0 0.556270096875 0.8498985796875 0.5450160765625001 0.8032454359375001 0.49678456562499995 0.7200811359375 0.48874598125 0.6572008109375 0.47427652656249997 0.6572008109375 0.46945337656249997 0.6673427984375 0.46463022499999995 0.74442190625 0.514469453125 0.8215010140624999 0.52893890625 0.8823529406249999 0.549839228125 0.8864097359375 0.556270096875 0.8803245437499999 0.556270096875 0.8498985796875
0 0.684887459375 0.539553753125 0.67041800625 0.5334685593749999 0.6639871375 0.539553753125 0.5836012859374999 0.7383367140625 0.5723472671875001 0.7809330625 0.5755627015625 0.7971602437499999 0.5868167203125 0.7951318453125 0.638263665625 0.7038539546875 0.684887459375 0.57809330625 0.684887459375 0.539553753125
0 0.7508038578125 0.5740365109375001 0.77652733125 0.5720081140625 0.802250803125 0.5476673421875 0.8102893890624999 0.5273833671875 0.762057878125 0.4340770796875 0.747588425 0.4178498984375 0.7315112546875 0.41582150156250003 0.7299035375 0.4279918859375 0.744372990625 0.4624746453125 0.7347266875 0.478701825 0.737942121875 0.5030425968750001 0.7315112546875 0.5476673421875 0.7508038578125 0.5740365109375001
0 0.614147909375 0.521298175 0.578778134375 0.5070993921875 0.5273311890625 0.523326571875 0.46623794218750003 0.5476673421875 0.40675241093750003 0.596348884375 0.397106109375 0.612576065625 0.41800643125 0.6206896546875 0.52893890625 0.5679513187499999 0.5900321546875 0.549695740625 0.602893890625 0.54158215 0.614147909375 0.521298175
0 0.5128617359375001 0.4929006078125 0.5016077171875 0.5294117640625 0.52893890625 0.5253549703125 0.5401929265625001 0.5070993921875 0.538585209375 0.48073022343750005 0.52893890625 0.46855983749999996 0.5128617359375001 0.4929006078125
0 0.4951768484375 0.5720081140625 0.4485530546875 0.6024340765625 0.43890675312500005 0.6916835703124999 0.45337620625 0.6957403656250001 0.4726688109375 0.65111561875 0.4951768484375 0.6267748484375 0.5080385859375001 0.5841784984375 0.4951768484375 0.5720081140625
0 0.7315112546875 0.387423934375 0.7363344046875 0.37525355 0.7250803859375 0.36916835625 0.709003215625 0.34077079062500004 0.6575562703125 0.34482758593749996 0.57073955 0.3793103453125 0.5401929265625001 0.41582150156250003 0.532154340625 0.4340770796875 0.5514469453124999 0.450304259375 0.5803858515625 0.42190669375 0.6189710609375 0.3995943203125 0.684887459375 0.38133874218749997 0.7315112546875 0.387423934375
0 0.3038585203125 0.7363083171875 0.3890675234375 0.653144015625 0.390675240625 0.6389452328125 0.3745980703125 0.6369168359375 0.29421221875 0.6977687625 0.2508038578125 0.7464503046875001 0.220257234375 0.7951318453125 0.21864951718749998 0.8052738343750001 0.2315112546875 0.8052738343750001 0.2668810296875 0.7829614609375 0.2861736328125 0.7484787015625 0.297427653125 0.7505071 0.3038585203125 0.7363083171875