0 0.5296735906250001 0.874725275 0.51038575625 0.8571428578125 0.48813056406250005 0.8703296703125 0.45697329375000006 0.947252746875 0.45400593437500003 0.9648351640625 0.4584569734375 0.9692307687499999 0.48219584531250004 0.9582417578125 0.5014836796875 0.9076923078125001 0.53264095 0.9076923078125001 0.5296735906250001 0.874725275
0 0.4139465875 0.753846153125 0.4139465875 0.725274725 0.39169139531249997 0.6417582421875 0.3827893171875 0.5736263734375 0.367952521875 0.5626373625000001 0.37091988124999997 0.64395604375 0.384272996875 0.7186813187500001 0.3813056375 0.7384615390625 0.390207715625 0.7648351640625 0.40356083125 0.771428571875 0.4139465875 0.753846153125
0 0.3501483671875 0.4351648359375 0.3367952515625 0.4263736265625 0.32640949531249996 0.446153846875 0.327893175 0.4571428578125 0.34421365000000004 0.472527471875 0.3486646890625 0.5208791203125 0.3694362015625 0.5252747249999999 0.3753709203125 0.496703296875 0.3501483671875 0.4351648359375
0 0.47329376874999995 0.53186813125 0.5118694359375 0.547252746875 0.53264095 0.56923076875 0.556379821875 0.578021978125 0.5682492578125 0.5934065937499999 0.572700296875 0.6131868125 0.5994065281250001 0.608791209375 0.593471809375 0.5758241765625 0.58011869375 0.5516483515624999 0.5534124625 0.5296703296875 0.5148367953124999 0.5208791203125 0.48219584531250004 0.5010989015625 0.43768545937500003 0.46373626406249996 0.410979228125 0.42197802187500005 0.4020771515625 0.42417582343750004 0.394658753125 0.446153846875 0.406528190625 0.45274725312499997 0.43323442187500005 0.503296703125 0.4465875375 0.503296703125 0.45400593437500003 0.51868131875 0.47329376874999995 0.53186813125
0 0.42581602343749997 0.4857142859375 0.427299703125 0.5296703296875 0.4480712171875 0.5340659343749999 0.45252225468749996 0.527472528125 0.4480712171875 0.50549450625 0.43620177968749996 0.48351648281250004 0.42581602343749997 0.4857142859375
0 0.42878338281249995 0.3164835171875 0.427299703125 0.4483516484375 0.43768545937500003 0.46813186875 0.4465875375 0.4703296703125 0.4480712171875 0.327472528125 0.4347181015625 0.29670329687499997 0.42878338281249995 0.3164835171875
0 0.516320475 0.415384615625 0.507418396875 0.43076923125000005 0.48219584531250004 0.42417582343750004 0.4584569734375 0.43956043906250003 0.45697329375000006 0.45274725312499997 0.470326409375 0.4615384609375 0.5207715140625 0.46373626406249996 0.540059346875 0.45054945 0.52670623125 0.41318681249999994 0.516320475 0.415384615625
0 0.39169139531249997 0.22637362656249999 0.37091988124999997 0.29230769218749997 0.34421365000000004 0.3296703296875 0.341246290625 0.3362637359375 0.35905044531249997 0.3362637359375 0.4020771515625 0.274725275 0.40801186874999995 0.2571428578125 0.4020771515625 0.22417582343750003 0.39169139531249997 0.22637362656249999
0 0.3887240359375 0.1648351640625 0.341246290625 0.3120879125 0.3367952515625 0.340659340625 0.351632046875 0.3230769234375 0.38724035625000003 0.23076923124999998 0.400593471875 0.1868131875 0.40356083125 0.153846153125 0.3887240359375 0.1648351640625
0 0.7967359046875 0.0483516484375 0.7863501484375 0.054945054687499995 0.761127596875 0.10989010937499999 0.734421365625 0.14945055000000002 0.73590504375 0.191208790625 0.7433234421875 0.1890109890625 0.8056379828125 0.0637362640625 0.7967359046875 0.0483516484375
0 0.73590504375 0.309890109375 0.7121661718750001 0.2791208796875 0.701780415625 0.29230769218749997 0.7091988125 0.3230769234375 0.6884273000000001 0.3824175828125 0.691394659375 0.41318681249999994 0.7077151328125 0.40659340625 0.7240356078125 0.3362637359375 0.73590504375 0.309890109375
0 0.72106825 0.12307692343750001 0.7166172109375 0.11648351718750001 0.7032640953125 0.12307692343750001 0.6869436203125 0.1582417578125 0.6572700296875 0.1758241765625 0.6350148375 0.14945055000000002 0.609792284375 0.15604395625 0.583086053125 0.1384615390625 0.5474777453125 0.1296703296875 0.545994065625 0.14945055000000002 0.556379821875 0.1648351640625 0.6646884265625 0.21098901093750003 0.695845696875 0.1824175828125 0.7166172109375 0.14505494531250002 0.72106825 0.12307692343750001
0 0.6528189906249999 0.21098901093750003 0.68249258125 0.3076923078125 0.6973293765624999 0.3120879125 0.704747775 0.27692307656250004 0.701780415625 0.26813186875 0.669139465625 0.21978022031250002 0.6528189906249999 0.21098901093750003
0 0.7373887234375001 0.1890109890625 0.7240356078125 0.1648351640625 0.71513353125 0.16923076875 0.7181008906249999 0.21098901093750003 0.7062314546875 0.2615384609375 0.7195845703125 0.26813186875 0.73590504375 0.24615384687500003 0.738872403125 0.221978021875 0.7373887234375001 0.1890109890625
0 0.58011869375 0.36923076875 0.6023738875 0.3824175828125 0.61275964375 0.378021978125 0.6142433234375 0.35604395625 0.593471809375 0.3296703296875 0.540059346875 0.30549450624999996 0.4658753703125 0.2483516484375 0.459940653125 0.25054945 0.4614243328125 0.26813186875 0.470326409375 0.2703296703125 0.47329376874999995 0.28351648281249997 0.5044510390625 0.3120879125 0.58011869375 0.36923076875
0 0.49703264062499997 0.36923076875 0.5014836796875 0.3604395609375 0.49851632031250004 0.34945054999999997 0.48813056406250005 0.3428571421875 0.4480712171875 0.2615384609375 0.4302670625 0.2 0.41988130625000003 0.1890109890625 0.406528190625 0.1890109890625 0.40356083125 0.208791209375 0.4302670625 0.26813186875 0.4347181015625 0.3142857140625 0.45252225468749996 0.3230769234375 0.47774480781250006 0.3648351640625 0.49703264062499997 0.36923076875
0 0.4584569734375 0.1956043953125 0.45697329375000006 0.22857142812500003 0.470326409375 0.2395604390625 0.49406528125 0.125274725 0.48961424375 0.10769230781250001 0.47774480781250006 0.10989010937499999 0.4584569734375 0.1956043953125