0 0.703125 0.6140625 0.0234375 0.0921875
0 0.76015625 0.6390625 0.06953125 0.03203125
0 0.8015625 0.653125 0.03046875 0.04453125
0 0.7703125 0.7546875 0.034375 0.046875
0 0.7984375 0.75078125 0.01875 0.03984375
0 0.78828125 0.72578125 0.01171875 0.0453125
0 0.8328125 0.74921875 0.0421875 0.040625
0 0.8296875 0.72421875 0.02734375 0.04453125
0 0.4625 0.259375 0.028125 0.0328125
0 0.48046875 0.275 0.009375 0.03828125
0 0.54921875 0.321875 0.025 0.034375
0 0.50625 0.296875 0.0359375 0.02421875
0 0.5125 0.26484375 0.02578125 0.03125
0 0.54453125 0.2875 0.0296875 0.02734375
0 0.56796875 0.2875 0.01796875 0.03515625
0 0.6140625 0.46328125 0.02265625 0.02578125
0 0.61484375 0.4296875 0.03515625 0.034375
0 0.475 0.22578125 0.0421875 0.021875
0 0.528125 0.22421875 0.015625 0.04921875
0 0.54921875 0.22578125 0.01328125 0.04296875
0 0.6484375 0.40546875 0.02109375 0.0578125