0 0.51640625 0.625 0.025 0.18046875
0 0.5890625 0.78203125 0.1015625 0.10390625
0 0.64921875 0.7296875 0.07890625 0.09296875
0 0.61484375 0.225 0.11484375 0.04140625
0 0.58984375 0.4125 0.0984375 0.14375
0 0.50234375 0.32265625 0.025 0.1453125
0 0.5703125 0.58359375 0.05 0.23671875
0 0.60078125 0.55078125 0.08515625 0.16875
0 0.6015625 0.675 0.13984375 0.06953125
0 0.56796875 0.159375 0.11640625 0.0578125
0 0.57109375 0.065625 0.07890625 0.090625
0 0.65 0.17578125 0.05 0.09921875
0 0.565625 0.02109375 0.065625 0.0421875