0 0.4484375 0.3703125 0.05390625 0.11328125
0 0.39375 0.62421875 0.05078125 0.02734375
0 0.3390625 0.5890625 0.05625 0.0375
0 0.38046875 0.57421875 0.02734375 0.04765625
0 0.41875 0.58671875 0.059375 0.06171875
0 0.42734375 0.59453125 0.01953125 0.09765625
0 0.60703125 0.578125 0.040625 0.03046875
0 0.76953125 0.62109375 0.03125 0.053125
0 0.57265625 0.703125 0.03515625 0.04453125
0 0.353125 0.71953125 0.0296875 0.040625
0 0.28828125 0.70625 0.03125 0.053125
0 0.40078125 0.24921875 0.02578125 0.0328125
0 0.4265625 0.2359375 0.021875 0.040625
0 0.58984375 0.2609375 0.0296875 0.02421875
0 0.3859375 0.7828125 0.071875 0.040625