0 0.05625 0.12890625 0.02109375 0.05546875
0 0.06796875 0.09609375 0.01484375 0.084375
0 0.1609375 0.1375 0.01484375 0.065625
0 0.1890625 0.03359375 0.01953125 0.04375
0 0.23046875 0.15546875 0.0203125 0.03515625
0 0.48984375 0.18046875 0.0171875 0.065625
0 0.45078125 0.24765625 0.03359375 0.059375
0 0.33125 0.25234375 0.03125 0.0578125
0 0.35546875 0.22734375 0.01796875 0.05390625
0 0.325 0.2984375 0.0125 0.059375
0 0.52421875 0.01796875 0.02265625 0.0359375
0 0.61796875 0.0984375 0.02421875 0.05234375
0 0.65546875 0.1375 0.02109375 0.07734375
0 0.70859375 0.165625 0.0171875 0.07265625
0 0.8078125 0.06796875 0.04765625 0.0234375
0 0.87578125 0.2484375 0.025 0.053125
0 0.79453125 0.23359375 0.01953125 0.06171875
0 0.84140625 0.36484375 0.025 0.06484375
0 0.6671875 0.41796875 0.0359375 0.04296875
0 0.5390625 0.48046875 0.02890625 0.046875
0 0.4453125 0.46328125 0.02265625 0.05703125
0 0.68359375 0.5578125 0.0484375 0.0296875
0 0.96875 0.278125 0.01953125 0.03828125
0 0.85 0.29609375 0.03828125 0.028125
0 0.88359375 0.55625 0.046875 0.06171875
0 0.8453125 0.546875 0.02265625 0.0421875
0 0.9234375 0.66875 0.053125 0.05703125
0 0.8890625 0.68671875 0.02109375 0.06640625
0 0.9578125 0.88359375 0.03984375 0.08203125
0 0.80546875 0.93046875 0.0375 0.0390625
0 0.725 0.85 0.02265625 0.05703125
0 0.734375 0.921875 0.0296875 0.02734375
0 0.62734375 0.84140625 0.02734375 0.0546875
0 0.6046875 0.646875 0.015625 0.040625
0 0.61640625 0.70703125 0.0265625 0.0625
0 0.46953125 0.70078125 0.01171875 0.04609375
0 0.5421875 0.7015625 0.0234375 0.03828125
0 0.5578125 0.6734375 0.0203125 0.03203125
0 0.484375 0.834375 0.0171875 0.0390625
0 0.5828125 0.928125 0.015625 0.04921875
0 0.60390625 0.8984375 0.02421875 0.03359375
0 0.446875 0.87421875 0.01484375 0.0375
0 0.4765625 0.98828125 0.03671875 0.0234375
0 0.3546875 0.9671875 0.01328125 0.065625
0 0.29765625 0.9796875 0.03125 0.0390625
0 0.13828125 0.98515625 0.0265625 0.0265625
0 0.10078125 0.9078125 0.0125 0.075
0 0.11484375 0.86640625 0.02734375 0.053125
0 0.1140625 0.7 0.0203125 0.06015625
0 0.52421875 0.35859375 0.0296875 0.08046875
0 0.55234375 0.303125 0.02578125 0.04609375
0 0.51640625 0.35390625 0.040625 0.034375
0 0.79765625 0.6578125 0.02421875 0.040625
0 0.8171875 0.6265625 0.0203125 0.040625