0 0.91875 0.165625 0.02578125 0.12109375
0 0.84375 0.153125 0.02109375 0.13359375
0 0.66328125 0.5640625 0.0453125 0.06640625
0 0.3984375 0.1515625 0.034375 0.11640625
0 0.23125 0.2015625 0.03125 0.1125
0 0.178125 0.24453125 0.05234375 0.1265625
0 0.1421875 0.51953125 0.0375 0.0765625
0 0.16875 0.45859375 0.0203125 0.109375
0 0.28125 0.54765625 0.021875 0.1125
0 0.41640625 0.48359375 0.03671875 0.11953125
0 0.48203125 0.56875 0.04375 0.0734375
0 0.384375 0.8078125 0.02265625 0.11484375
0 0.2796875 0.69921875 0.0453125 0.1125
0 0.3140625 0.9421875 0.02890625 0.04296875
0 0.16484375 0.81484375 0.028125 0.09921875
0 0.1734375 0.890625 0.025 0.04453125