0 0.0453125 0.05234375 0.0296875 0.1046875
0 0.0828125 0.03125 0.021875 0.0625
0 0.071875 0.125 0.05625 0.04921875
0 0.14140625 0.1078125 0.02890625 0.09453125
0 0.17734375 0.09140625 0.0390625 0.0703125
0 0.1796875 0.15390625 0.0453125 0.040625
0 0.203125 0.08203125 0.0203125 0.10625
0 0.27265625 0.078125 0.0515625 0.09921875
0 0.25703125 0.01953125 0.04296875 0.0328125
0 0.2359375 0.11328125 0.0203125 0.090625
0 0.30546875 0.08515625 0.02265625 0.0578125
0 0.19453125 0.21796875 0.03515625 0.1078125
0 0.01796875 0.2859375 0.0359375 0.059375
0 0.03984375 0.4234375 0.07265625 0.0328125
0 0.16953125 0.34921875 0.03125 0.08359375
0 0.28203125 0.2171875 0.04375 0.08359375
0 0.390625 0.090625 0.06796875 0.07734375
0 0.34609375 0.10390625 0.04140625 0.06015625
0 0.43984375 0.10390625 0.03984375 0.05859375
0 0.59375 0.096875 0.0203125 0.06796875
0 0.45078125 0.1765625 0.02109375 0.090625
0 0.39609375 0.159375 0.0453125 0.06875
0 0.38203125 0.215625 0.06484375 0.02578125
0 0.31875 0.278125 0.05546875 0.08203125
0 0.23828125 0.4359375 0.0671875 0.10078125
0 0.10625 0.62890625 0.0265625 0.10234375
0 0.15 0.65078125 0.06640625 0.08515625
0 0.13203125 0.58203125 0.05546875 0.02890625
0 0.14765625 0.53671875 0.046875 0.06640625
0 0.02265625 0.640625 0.03828125 0.06484375
0 0.25625 0.51015625 0.02421875 0.08359375
0 0.2265625 0.6078125 0.0515625 0.07890625
0 0.23515625 0.6484375 0.0515625 0.06328125
0 0.2953125 0.6203125 0.04140625 0.06171875
0 0.18125 0.74765625 0.01640625 0.07734375
0 0.0328125 0.79296875 0.06484375 0.03046875
0 0.01875 0.878125 0.0375 0.05625
0 0.05078125 0.89609375 0.06484375 0.02890625
0 0.0125 0.98046875 0.025 0.0390625
0 0.025 0.97265625 0.04140625 0.04765625
0 0.12265625 0.940625 0.03984375 0.0859375
0 0.06171875 0.9453125 0.0359375 0.109375
0 0.08984375 0.7890625 0.05625 0.08515625
0 0.103125 0.728125 0.06328125 0.04140625
0 0.12265625 0.79140625 0.05703125 0.06484375
0 0.13984375 0.71328125 0.06015625 0.02265625
0 0.10390625 0.85703125 0.0390625 0.0546875
0 0.15234375 0.8484375 0.028125 0.0453125
0 0.153125 0.903125 0.05546875 0.06015625
0 0.2484375 0.81953125 0.03671875 0.0609375
0 0.2765625 0.9359375 0.05703125 0.03125
0 0.19296875 0.8828125 0.05625 0.10546875
0 0.20078125 0.98203125 0.0546875 0.0359375
0 0.16484375 0.965625 0.02578125 0.06875
0 0.19921875 0.92421875 0.04453125 0.05625
0 0.35703125 0.74296875 0.0234375 0.0796875
0 0.33671875 0.6546875 0.01875 0.0796875
0 0.33828125 0.54765625 0.04375 0.1265625
0 0.415625 0.53984375 0.02109375 0.12578125
0 0.3765625 0.53359375 0.05234375 0.06171875
0 0.4421875 0.575 0.04453125 0.0421875
0 0.3921875 0.484375 0.028125 0.06953125
0 0.38125 0.40703125 0.0546875 0.0796875
0 0.33125 0.334375 0.078125 0.03125
0 0.37890625 0.3 0.03125 0.06015625
0 0.40078125 0.33671875 0.0359375 0.065625
0 0.42109375 0.2890625 0.015625 0.075
0 0.46640625 0.37890625 0.0609375 0.1046875
0 0.465625 0.4578125 0.03203125 0.06796875
0 0.4828125 0.25234375 0.02109375 0.0796875
0 0.503125 0.3375 0.07265625 0.1109375
0 0.52421875 0.496875 0.03203125 0.0890625
0 0.515625 0.36484375 0.01484375 0.0796875
0 0.475 0.66875 0.02890625 0.084375
0 0.46171875 0.72734375 0.03046875 0.06640625
0 0.47578125 0.80234375 0.01796875 0.08046875
0 0.51015625 0.8234375 0.02734375 0.08359375
0 0.51640625 0.7109375 0.0546875 0.06640625
0 0.51484375 0.66640625 0.06171875 0.02890625
0 0.49453125 0.728125 0.0390625 0.04296875
0 0.54453125 0.80234375 0.02734375 0.07421875
0 0.41015625 0.89609375 0.02109375 0.084375
0 0.46484375 0.91953125 0.06015625 0.0875
0 0.46328125 0.971875 0.0203125 0.05625
0 0.42265625 0.9703125 0.0203125 0.059375
0 0.44140625 0.8875 0.03046875 0.04375
0 0.52578125 0.93671875 0.0515625 0.03515625
0 0.51484375 0.98828125 0.04609375 0.0234375
0 0.55859375 0.96796875 0.03828125 0.04140625
0 0.5984375 0.84296875 0.06328125 0.03125
0 0.6140625 0.8703125 0.06171875 0.065625
0 0.590625 0.96015625 0.02109375 0.07734375
0 0.61953125 0.984375 0.0328125 0.03125
0 0.65625 0.95234375 0.0421875 0.0625
0 0.69609375 0.9859375 0.0328125 0.028125
0 0.71328125 0.94375 0.02890625 0.05234375
0 0.74296875 0.953125 0.04921875 0.05625
0 0.64609375 0.803125 0.0609375 0.02578125
0 0.67578125 0.84609375 0.04921875 0.06328125
0 0.746875 0.86953125 0.0390625 0.078125
0 0.7375 0.8484375 0.0359375 0.04765625
0 0.69921875 0.8296875 0.0375 0.06796875
0 0.69921875 0.77578125 0.0203125 0.03828125
0 0.78203125 0.92578125 0.0109375 0.075
0 0.7671875 0.90078125 0.0296875 0.04765625
0 0.796875 0.94375 0.0125 0.1125
0 0.81484375 0.95234375 0.0140625 0.0953125
0 0.853125 0.85859375 0.034375 0.1109375
0 0.8828125 0.9484375 0.05 0.059375
0 0.8453125 0.96015625 0.0265625 0.075
0 0.8859375 0.9921875 0.0390625 0.01484375
0 0.959375 0.8859375 0.03359375 0.0453125
0 0.9859375 0.9203125 0.01953125 0.075
0 0.93125 0.97265625 0.04375 0.0546875
0 0.9140625 0.9546875 0.04296875 0.04296875
0 0.97265625 0.975 0.040625 0.04921875
0 0.99453125 0.9671875 0.0109375 0.065625
0 0.95703125 0.8390625 0.06953125 0.0296875
0 0.978125 0.8078125 0.0421875 0.021875
0 0.98671875 0.7625 0.01796875 0.0640625
0 0.98828125 0.721875 0.0234375 0.046875
0 0.93984375 0.7625 0.02578125 0.05546875
0 0.7328125 0.76171875 0.0359375 0.0703125
0 0.78203125 0.821875 0.04765625 0.06484375
0 0.7890625 0.809375 0.0359375 0.04453125
0 0.8109375 0.7890625 0.01875 0.0609375
0 0.8453125 0.7484375 0.03515625 0.075
0 0.89140625 0.7359375 0.0421875 0.0828125
0 0.87890625 0.7109375 0.0125 0.08515625
0 0.78828125 0.6875 0.05546875 0.09453125
0 0.9484375 0.6828125 0.0359375 0.0765625
0 0.97734375 0.68125 0.0296875 0.065625
0 0.84921875 0.6703125 0.0390625 0.06875
0 0.815625 0.6328125 0.0296875 0.04609375
0 0.8625 0.61171875 0.03359375 0.05625
0 0.9015625 0.67265625 0.04921875 0.040625
0 0.72421875 0.65078125 0.02734375 0.084375
0 0.6796875 0.65234375 0.04609375 0.0890625
0 0.64296875 0.59609375 0.028125 0.07578125
0 0.61796875 0.571875 0.021875 0.075
0 0.93203125 0.56875 0.0234375 0.08046875
0 0.946875 0.63046875 0.05390625 0.05390625
0 0.9671875 0.63125 0.02890625 0.05
0 0.87265625 0.53203125 0.07109375 0.03203125
0 0.796875 0.5359375 0.0328125 0.06640625
0 0.80234375 0.59609375 0.02734375 0.059375
0 0.84375 0.475 0.04296875 0.07890625
0 0.88671875 0.4515625 0.04375 0.08203125
0 0.98203125 0.42890625 0.03515625 0.0625
0 0.9265625 0.45625 0.028125 0.03828125
0 0.61328125 0.77421875 0.03515625 0.03515625
0 0.82421875 0.87109375 0.01875 0.04609375
0 0.73984375 0.54140625 0.02890625 0.06328125
0 0.69375 0.57734375 0.0640625 0.046875
0 0.9796875 0.228125 0.03984375 0.071875
0 0.91640625 0.27265625 0.01875 0.065625
0 0.8015625 0.3671875 0.04453125 0.0859375
0 0.7859375 0.29375 0.0984375 0.10625
0 0.82265625 0.2640625 0.02109375 0.08828125
0 0.7796875 0.25859375 0.0671875 0.04140625
0 0.7515625 0.4109375 0.0390625 0.03359375
0 0.703125 0.45625 0.05390625 0.046875
0 0.69140625 0.49921875 0.03125 0.05625
0 0.6625 0.4921875 0.040625 0.07734375
0 0.5734375 0.53671875 0.05625 0.03203125
0 0.665625 0.40703125 0.06796875 0.02265625
0 0.55625 0.43828125 0.0453125 0.05078125
0 0.56171875 0.30234375 0.0515625 0.046875
0 0.6265625 0.278125 0.03828125 0.053125
0 0.66875 0.30078125 0.0734375 0.028125
0 0.6546875 0.3453125 0.05390625 0.02734375
0 0.68984375 0.32890625 0.015625 0.09453125
0 0.6953125 0.25546875 0.0484375 0.0578125
0 0.775 0.1890625 0.04609375 0.10703125
0 0.7140625 0.2171875 0.05234375 0.08125
0 0.65 0.18515625 0.06640625 0.0859375
0 0.8671875 0.1578125 0.05078125 0.07265625
0 0.9234375 0.0859375 0.01953125 0.07890625
0 0.93125 0.01640625 0.01484375 0.0328125
0 0.97734375 0.02109375 0.0140625 0.04140625
0 0.8546875 0.0625 0.0421875 0.05234375
0 0.85234375 0.0359375 0.01953125 0.0640625
0 0.81171875 0.0609375 0.05390625 0.08984375
0 0.70078125 0.13203125 0.04140625 0.07265625
0 0.74609375 0.15 0.04453125 0.05078125
0 0.53828125 0.1515625 0.034375 0.040625
0 0.915625 0.1484375 0.084375 0.0203125