0 0.1515625 0.128125 0.05859375 0.06953125
0 0.0359375 0.32421875 0.071875 0.16171875
0 0.03828125 0.2515625 0.0765625 0.07578125
0 0.10859375 0.32890625 0.0484375 0.146875
0 0.17578125 0.48359375 0.046875 0.09375
0 0.32578125 0.5734375 0.07890625 0.06796875
0 0.17265625 0.63359375 0.0578125 0.0421875
0 0.2890625 0.8328125 0.03046875 0.08515625
0 0.378125 0.6484375 0.06796875 0.0953125
0 0.4375 0.7578125 0.0625 0.08203125
0 0.66875 0.62265625 0.04609375 0.1671875
0 0.7296875 0.80859375 0.03203125 0.1296875
0 0.79453125 0.75390625 0.040625 0.11796875
0 0.8921875 0.83125 0.028125 0.0703125