0 0.31953125 0.34453125 0.034375 0.05546875
0 0.18984375 0.5546875 0.0296875 0.0484375
0 0.3109375 0.52578125 0.01484375 0.0390625
0 0.21796875 0.609375 0.0171875 0.04375
0 0.1609375 0.80078125 0.03203125 0.02578125
0 0.34375 0.61484375 0.02265625 0.05390625
0 0.365625 0.4984375 0.0234375 0.07109375
0 0.46015625 0.4609375 0.0328125 0.05703125
0 0.6109375 0.37421875 0.0234375 0.0765625
0 0.7171875 0.31640625 0.0171875 0.0453125
0 0.7953125 0.41796875 0.04765625 0.03203125
0 0.55078125 0.3984375 0.03046875 0.03203125