0 0.52265625 0.16875 0.06640625 0.03671875
0 0.3203125 0.1359375 0.03828125 0.03671875
0 0.63125 0.0671875 0.06953125 0.046875
0 0.80390625 0.02421875 0.0609375 0.01953125
0 0.76796875 0.62734375 0.0515625 0.03828125
0 0.396875 0.31171875 0.02578125 0.034375
0 0.16328125 0.37578125 0.03828125 0.0875
0 0.090625 0.453125 0.0171875 0.059375
0 0.059375 0.65703125 0.06328125 0.0265625
0 0.36796875 0.4765625 0.07421875 0.028125
0 0.63046875 0.334375 0.0390625 0.06796875
0 0.37890625 0.7015625 0.05546875 0.0453125
0 0.496875 0.77890625 0.0515625 0.0265625
0 0.503125 0.97890625 0.0296875 0.04140625