0 0.525 0.59453125 0.01796875 0.11171875
0 0.2234375 0.075 0.05234375 0.03046875
0 0.3125 0.55859375 0.01875 0.10625
0 0.31953125 0.70234375 0.02421875 0.065625
0 0.28359375 0.68125 0.02109375 0.05625
0 0.40625 0.1390625 0.02265625 0.03984375
0 0.42734375 0.11171875 0.028125 0.084375
0 0.89375 0.28125 0.0421875 0.0390625
0 0.828125 0.35 0.0171875 0.0640625
0 0.8375 0.4703125 0.025 0.04609375
0 0.8140625 0.52890625 0.05625 0.0390625
0 0.76328125 0.45 0.0296875 0.05546875
0 0.6828125 0.4859375 0.059375 0.0359375
0 0.7515625 0.696875 0.0375 0.0640625
0 0.7734375 0.6359375 0.02890625 0.04375
0 0.7328125 0.6296875 0.034375 0.0359375
0 0.83515625 0.6640625 0.04296875 0.0453125
0 0.78828125 0.8171875 0.03125 0.08984375
0 0.8171875 0.7515625 0.0296875 0.0796875
0 0.84765625 0.81875 0.0609375 0.0640625
0 0.596875 0.8515625 0.0203125 0.059375
0 0.65078125 0.946875 0.0609375 0.02578125
0 0.66171875 0.89765625 0.0453125 0.03046875
0 0.49140625 0.9734375 0.0140625 0.053125
0 0.5078125 0.96484375 0.025 0.0703125
0 0.52890625 0.95 0.02421875 0.1
0 0.59140625 0.97265625 0.01328125 0.04609375
0 0.61171875 0.9578125 0.01796875 0.07421875
0 0.64453125 0.93984375 0.0296875 0.0828125
0 0.6328125 0.9515625 0.025 0.078125
0 0.753125 0.9703125 0.03359375 0.05859375
0 0.6390625 0.76640625 0.03046875 0.0703125