0 0.27421875 0.56328125 0.0265625 0.03046875
0 0.2734375 0.59296875 0.01640625 0.03046875
0 0.2859375 0.6765625 0.034375 0.02578125
0 0.39375 0.82578125 0.03203125 0.07109375
0 0.2953125 0.84375 0.01953125 0.06875
0 0.3421875 0.884375 0.01484375 0.01328125
0 0.32109375 0.8953125 0.02578125 0.0359375
0 0.2984375 0.9296875 0.02421875 0.0453125
0 0.3171875 0.94375 0.0125 0.0546875
0 0.35 0.95859375 0.0421875 0.02265625
0 0.37265625 0.940625 0.015625 0.0328125
0 0.3671875 0.96796875 0.02109375 0.02734375
0 0.390625 0.9125 0.02421875 0.046875
0 0.39375 0.9375 0.01953125 0.03125
0 0.3 0.74296875 0.02109375 0.02265625
0 0.50625 0.5640625 0.04609375 0.06015625
0 0.5078125 0.54296875 0.0171875 0.02890625
0 0.56484375 0.58515625 0.028125 0.04453125
0 0.5859375 0.5546875 0.0234375 0.053125
0 0.59140625 0.56015625 0.01796875 0.07265625
0 0.59453125 0.58125 0.00703125 0.04296875
0 0.59375 0.6375 0.01484375 0.0421875
0 0.45859375 0.7625 0.0140625 0.0296875
0 0.50546875 0.80859375 0.025 0.028125
0 0.51171875 0.91796875 0.03359375 0.05234375
0 0.53828125 0.9453125 0.0171875 0.02265625
0 0.5203125 0.96015625 0.0296875 0.01640625
0 0.56796875 0.878125 0.01171875 0.034375
0 0.56640625 0.9125 0.0234375 0.0484375
0 0.5734375 0.9046875 0.02578125 0.02109375
0 0.5921875 0.78671875 0.02109375 0.03359375
0 0.57109375 0.78203125 0.0203125 0.0203125
0 0.59375 0.815625 0.0171875 0.02734375
0 0.56875 0.71484375 0.0375 0.03359375
0 0.553125 0.8203125 0.01953125 0.04453125