0 0.159375 0.11875 0.05625 0.053125
0 0.27109375 0.25546875 0.07109375 0.05703125
0 0.21015625 0.33828125 0.04140625 0.09375
0 0.27890625 0.35390625 0.0328125 0.0515625
0 0.209375 0.49296875 0.03828125 0.10546875
0 0.215625 0.55 0.01953125 0.1140625
0 0.06171875 0.63984375 0.0234375 0.05703125
0 0.04609375 0.73359375 0.03828125 0.046875
0 0.09296875 0.7375 0.021875 0.0625
0 0.21953125 0.93359375 0.0453125 0.05703125
0 0.309375 0.96484375 0.03046875 0.05390625
0 0.33984375 0.68359375 0.0578125 0.0328125
0 0.30703125 0.459375 0.04296875 0.08828125
0 0.3765625 0.4171875 0.0546875 0.0296875
0 0.4421875 0.41640625 0.0359375 0.065625
0 0.39609375 0.521875 0.05390625 0.05390625
0 0.409375 0.640625 0.025 0.046875
0 0.5 0.60703125 0.03515625 0.1109375
0 0.47109375 0.7171875 0.0546875 0.0796875
0 0.40859375 0.78359375 0.02109375 0.115625
0 0.43984375 0.72890625 0.0453125 0.10546875
0 0.43515625 0.709375 0.06640625 0.04140625
0 0.4765625 0.72890625 0.03203125 0.05703125
0 0.36015625 0.80078125 0.03046875 0.14140625
0 0.36875 0.8875 0.04296875 0.1125
0 0.53125 0.83125 0.04765625 0.0625
0 0.53515625 0.91328125 0.02734375 0.04453125
0 0.42734375 0.88203125 0.03125 0.05546875
0 0.45703125 0.8703125 0.03125 0.10703125
0 0.4625 0.84453125 0.0328125 0.053125
0 0.5046875 0.38671875 0.0265625 0.115625
0 0.534375 0.3421875 0.06484375 0.0515625
0 0.5515625 0.38515625 0.015625 0.06875
0 0.39140625 0.31328125 0.0640625 0.03671875
0 0.584375 0.39453125 0.0546875 0.0453125
0 0.63359375 0.37890625 0.04765625 0.0625
0 0.6171875 0.3140625 0.03671875 0.046875
0 0.659375 0.24921875 0.03671875 0.05390625
0 0.68203125 0.3046875 0.05390625 0.08984375
0 0.67578125 0.2296875 0.03984375 0.065625
0 0.67578125 0.28984375 0.0328125 0.02421875
0 0.68515625 0.3296875 0.0234375 0.1015625
0 0.70234375 0.40859375 0.03984375 0.0671875
0 0.70390625 0.43125 0.0203125 0.053125
0 0.7328125 0.30859375 0.03203125 0.0640625
0 0.79765625 0.38203125 0.04609375 0.06015625
0 0.79609375 0.4671875 0.04140625 0.0671875
0 0.7671875 0.59296875 0.01484375 0.10234375
0 0.77578125 0.51875 0.0375 0.02265625
0 0.73515625 0.75234375 0.053125 0.084375
0 0.73359375 0.67265625 0.03125 0.03984375
0 0.72734375 0.6390625 0.03046875 0.05390625
0 0.67890625 0.6609375 0.03125 0.09296875
0 0.68203125 0.609375 0.03828125 0.09296875
0 0.765625 0.6734375 0.03515625 0.0671875
0 0.78671875 0.621875 0.02109375 0.1
0 0.809375 0.68125 0.02421875 0.12578125
0 0.815625 0.5484375 0.01484375 0.084375
0 0.83828125 0.49921875 0.0375 0.07421875
0 0.85625 0.478125 0.02265625 0.115625
0 0.8703125 0.31328125 0.0203125 0.0953125
0 0.6515625 0.88359375 0.0390625 0.1296875
0 0.66484375 0.9 0.06328125 0.12109375
0 0.66484375 0.80390625 0.04765625 0.03125
0 0.5671875 0.98046875 0.03203125 0.0328125
0 0.61875 0.97890625 0.065625 0.0421875
0 0.7421875 0.88515625 0.01328125 0.0796875
0 0.77265625 0.95703125 0.021875 0.0859375
0 0.7875 0.88671875 0.028125 0.06015625
0 0.6125 0.8875 0.046875 0.05859375
0 0.809375 0.7703125 0.01640625 0.05
0 0.8421875 0.8859375 0.03984375 0.0953125
0 0.83359375 0.81875 0.0265625 0.10703125
0 0.903125 0.728125 0.0453125 0.04140625
0 0.91171875 0.80625 0.01484375 0.13515625
0 0.85546875 0.76171875 0.03671875 0.04453125
0 0.8703125 0.70078125 0.01796875 0.03828125
0 0.85859375 0.5921875 0.0453125 0.084375
0 0.86640625 0.584375 0.01953125 0.10859375
0 0.9046875 0.534375 0.02734375 0.096875
0 0.89453125 0.61875 0.04375 0.07421875
0 0.86796875 0.978125 0.0203125 0.04296875
0 0.90078125 0.30078125 0.0265625 0.0625
0 0.2734375 0.02421875 0.0671875 0.0484375
0 0.3703125 0.07890625 0.05 0.053125
0 0.37734375 0.01015625 0.053125 0.0203125
0 0.37578125 0.20390625 0.05546875 0.0828125
0 0.415625 0.08203125 0.04765625 0.08984375
0 0.4984375 0.17578125 0.03828125 0.0671875
0 0.46328125 0.253125 0.0390625 0.06953125
0 0.5640625 0.234375 0.08125 0.078125
0 0.55859375 0.19375 0.0609375 0.06875
0 0.61953125 0.1421875 0.05859375 0.03828125
0 0.634375 0.134375 0.03359375 0.1421875
0 0.6640625 0.13203125 0.01875 0.109375
0 0.72421875 0.0703125 0.0390625 0.06953125
0 0.6921875 0.03828125 0.04375 0.0765625
0 0.7484375 0.071875 0.01953125 0.14375
0 0.575 0.06796875 0.02109375 0.1265625
0 0.50546875 0.07421875 0.05 0.1140625
0 0.50625 0.0484375 0.07578125 0.096875
0 0.43984375 0.02578125 0.0328125 0.0484375
0 0.77421875 0.17890625 0.065625 0.03828125
0 0.77265625 0.2328125 0.01796875 0.10390625
0 0.8265625 0.24375 0.0625 0.03671875
0 0.828125 0.23203125 0.0234375 0.1
0 0.77734375 0.03359375 0.01875 0.0640625
0 0.80390625 0.10625 0.03046875 0.10703125
0 0.634375 0.03125 0.03515625 0.0625
0 0.80859375 0.028125 0.02734375 0.05390625
0 0.40546875 0.15546875 0.05078125 0.0484375
0 0.4609375 0.13203125 0.01796875 0.1125
0 0.865625 0.0234375 0.02734375 0.046875
0 0.18203125 0.6609375 0.0453125 0.0328125
0 0.1671875 0.3546875 0.03828125 0.03125
0 0.67890625 0.74140625 0.025 0.0484375
0 0.57109375 0.575 0.02890625 0.0296875
0 0.628125 0.4921875 0.0265625 0.0484375
0 0.52109375 0.4703125 0.04375 0.034375
0 0.49453125 0.34609375 0.02578125 0.084375
0 0.89296875 0.078125 0.02734375 0.0484375
0 0.6921875 0.97890625 0.0328125 0.0421875
0 0.853125 0.39765625 0.03359375 0.03125