0 0.41640625 0.1328125 0.02890625 0.115625
0 0.24296875 0.18671875 0.0265625 0.09609375
0 0.17421875 0.4078125 0.02890625 0.1171875
0 0.14765625 0.4671875 0.03984375 0.071875
0 0.290625 0.4953125 0.0296875 0.103125
0 0.4328125 0.43984375 0.03515625 0.11171875
0 0.49921875 0.50546875 0.0484375 0.071875
0 0.68984375 0.5109375 0.040625 0.04609375
0 0.8765625 0.13828125 0.0296875 0.115625
0 0.959375 0.153125 0.0203125 0.10859375
0 0.3984375 0.73125 0.0203125 0.11875
0 0.28984375 0.63359375 0.0375 0.09296875
0 0.1734375 0.73671875 0.02578125 0.09296875
0 0.32421875 0.85234375 0.028125 0.034375
0 0.1890625 0.2421875 0.04296875 0.05703125