0 0.29375 0.04140625 0.0546875 0.0390625
0 0.3640625 0.0375 0.08515625 0.0265625
0 0.33125 0.0125 0.05 0.025
0 0.11171875 0.10546875 0.10078125 0.02734375
0 0.15703125 0.0515625 0.065625 0.015625
0 0.13671875 0.02890625 0.0546875 0.0203125
0 0.9234375 0.059375 0.09375 0.0265625
0 0.865625 0.1390625 0.07890625 0.0421875
0 0.79921875 0.23125 0.10703125 0.05234375
0 0.9078125 0.2453125 0.04609375 0.06875
0 0.90078125 0.315625 0.07421875 0.03515625
0 0.35390625 0.159375 0.05234375 0.02734375
0 0.42109375 0.184375 0.0765625 0.01484375
0 0.559375 0.275 0.0609375 0.0265625
0 0.553125 0.2453125 0.065625 0.021875
0 0.603125 0.31640625 0.065625 0.03046875
0 0.05703125 0.525 0.07421875 0.0375
0 0.04609375 0.490625 0.03515625 0.0390625
0 0.159375 0.5 0.0703125 0.0234375
0 0.1953125 0.44609375 0.0375 0.0421875
0 0.2265625 0.4 0.071875 0.0265625
0 0.290625 0.34609375 0.0703125 0.0375
0 0.61328125 0.46796875 0.10234375 0.0390625
0 0.9859375 0.66796875 0.028125 0.0234375
0 0.01328125 0.43984375 0.0265625 0.025
0 0.059375 0.4171875 0.0390625 0.0375
0 0.28515625 0.4640625 0.10234375 0.046875
0 0.58125 0.5515625 0.09609375 0.04375
0 0.44296875 0.63828125 0.0765625 0.0171875
0 0.6609375 0.68671875 0.1421875 0.03203125
0 0.38828125 0.7859375 0.08984375 0.025
0 0.7390625 0.9078125 0.07890625 0.0265625
0 0.81328125 0.92421875 0.0828125 0.025
0 0.0375 0.665625 0.05234375 0.05703125
0 0.0328125 0.62265625 0.065625 0.06953125
0 0.04140625 0.8921875 0.0828125 0.025
0 0.04375 0.8546875 0.0875 0.02734375
0 0.028125 0.84140625 0.03515625 0.05078125
0 0.1078125 0.81640625 0.059375 0.0453125
0 0.06875 0.95234375 0.071875 0.01875
0 0.1734375 0.97421875 0.0546875 0.0515625
0 0.37734375 0.86484375 0.04140625 0.0453125
0 0.25390625 0.93984375 0.0703125 0.0171875
0 0.28203125 0.67265625 0.05234375 0.0421875