0 0.41328125 0.22421875 0.06171875 0.0375
0 0.52578125 0.196875 0.06171875 0.0234375
0 0.65703125 0.20859375 0.059375 0.02890625
0 0.6015625 0.259375 0.03828125 0.053125
0 0.6859375 0.265625 0.03046875 0.02578125
0 0.31484375 0.41015625 0.0625 0.02890625
0 0.2734375 0.47734375 0.01796875 0.05390625
0 0.28828125 0.44921875 0.01796875 0.0421875
0 0.203125 0.61171875 0.05703125 0.0421875
0 0.2015625 0.59296875 0.05 0.04140625
0 0.43046875 0.61875 0.0625 0.0296875
0 0.45078125 0.65546875 0.01796875 0.0609375
0 0.4453125 0.853125 0.06328125 0.02109375