0 0.10078125 0.3890625 0.040625 0.03203125
0 0.17734375 0.37265625 0.03203125 0.028125
0 0.2140625 0.3734375 0.03359375 0.02890625
0 0.315625 0.3453125 0.0296875 0.046875
0 0.46875 0.30078125 0.01171875 0.05703125
0 0.48046875 0.3609375 0.01796875 0.08359375
0 0.53046875 0.33046875 0.0625 0.02890625
0 0.93125 0.503125 0.04140625 0.05703125
0 0.97421875 0.5484375 0.0140625 0.06015625
0 0.1640625 0.44375 0.03046875 0.040625
0 0.60390625 0.36640625 0.03203125 0.03984375
0 0.3515625 0.27578125 0.02890625 0.03671875
0 0.834375 0.475 0.0421875 0.05390625