0 0.11171875 0.45 0.04453125 0.03828125
0 0.1125 0.453125 0.0453125 0.03203125
0 0.1140625 0.41171875 0.0296875 0.02890625
0 0.10234375 0.465625 0.015625 0.053125
0 0.15078125 0.43984375 0.025 0.01953125
0 0.15625 0.4546875 0.0078125 0.05546875
0 0.16875 0.4578125 0.01171875 0.0328125
0 0.1890625 0.44921875 0.05234375 0.03359375
0 0.234375 0.440625 0.0578125 0.01875
0 0.278125 0.43828125 0.0125 0.0421875
0 0.25703125 0.46953125 0.04453125 0.03671875
0 0.26953125 0.4578125 0.01328125 0.03515625
0 0.25703125 0.409375 0.03203125 0.0203125
0 0.309375 0.4375 0.0203125 0.03828125
0 0.32578125 0.45546875 0.01328125 0.09296875
0 0.353125 0.42265625 0.00703125 0.03125
0 0.36953125 0.4265625 0.0171875 0.0140625
0 0.39453125 0.45625 0.0265625 0.07734375
0 0.40546875 0.4328125 0.01328125 0.05390625
0 0.4328125 0.44375 0.02265625 0.01015625
0 0.43359375 0.440625 0.00859375 0.03828125
0 0.440625 0.44140625 0.0078125 0.0390625
0 0.4484375 0.4328125 0.00703125 0.02265625
0 0.48046875 0.425 0.00859375 0.03515625
0 0.43828125 0.5234375 0.04140625 0.0265625
0 0.36953125 0.58125 0.01875 0.071875
0 0.34765625 0.5609375 0.02890625 0.07421875
0 0.42578125 0.7328125 0.0125 0.07421875
0 0.54296875 0.46796875 0.02890625 0.07734375
0 0.50546875 0.45625 0.01875 0.0265625
0 0.5078125 0.43984375 0.02265625 0.0140625
0 0.50625 0.4734375 0.01875 0.0109375
0 0.54296875 0.440625 0.01328125 0.0265625
0 0.86171875 0.5234375 0.01484375 0.0453125
0 0.81328125 0.53984375 0.02734375 0.0625
0 0.8296875 0.6015625 0.03359375 0.015625
0 0.79765625 0.684375 0.0171875 0.0625
0 0.6984375 0.5046875 0.0171875 0.04296875
0 0.6875 0.5453125 0.0140625 0.04921875
0 0.7421875 0.52734375 0.01171875 0.0578125
0 0.765625 0.5453125 0.01796875 0.05546875
0 0.7671875 0.52109375 0.0453125 0.03046875
0 0.7640625 0.50703125 0.0171875 0.01796875