0 0.821875 0.90234375 0.0515625 0.19140625
0 0.7625 0.9515625 0.12265625 0.096875
0 0.81875 0.453125 0.08359375 0.178125
0 0.79921875 0.69609375 0.115625 0.178125
0 0.97578125 0.609375 0.0484375 0.2015625
0 0.9875 0.790625 0.025 0.13828125
0 0.896875 0.42109375 0.0640625 0.1125
0 0.9671875 0.421875 0.06015625 0.15078125
0 0.96171875 0.2296875 0.05 0.1828125
0 0.91953125 0.184375 0.03046875 0.109375
0 0.93359375 0.0953125 0.13203125 0.0703125
0 0.971875 0.06953125 0.05546875 0.128125
0 0.80703125 0.08359375 0.028125 0.16640625
0 0.6828125 0.3171875 0.17890625 0.11328125
0 0.70546875 0.22734375 0.05546875 0.07734375
0 0.7140625 0.50703125 0.11171875 0.20546875
0 0.7265625 0.53515625 0.07109375 0.1578125
0 0.678125 0.7 0.04375 0.1796875
0 0.63046875 0.44921875 0.178125 0.0734375
0 0.58671875 0.58359375 0.1078125 0.1265625
0 0.525 0.5265625 0.0421875 0.13515625
0 0.64609375 0.7453125 0.0375 0.06484375
0 0.565625 0.728125 0.05 0.07890625
0 0.50078125 0.696875 0.09765625 0.0328125
0 0.44140625 0.834375 0.0734375 0.26015625
0 0.5 0.97265625 0.1375 0.0546875
0 0.4140625 0.88515625 0.16953125 0.11328125
0 0.37265625 0.97890625 0.05234375 0.0421875
0 0.33359375 0.684375 0.10703125 0.284375
0 0.38125 0.790625 0.0390625 0.1234375
0 0.24609375 0.85546875 0.08359375 0.04609375
0 0.19453125 0.96171875 0.028125 0.07265625
0 0.23203125 0.95 0.07578125 0.1
0 0.22265625 0.8984375 0.04609375 0.10390625
0 0.11328125 0.9890625 0.0859375 0.021875
0 0.178125 0.73671875 0.1171875 0.12265625
0 0.2390625 0.65390625 0.046875 0.25703125
0 0.13828125 0.81875 0.11953125 0.10703125
0 0.0703125 0.70859375 0.084375 0.13828125
0 0.19609375 0.64921875 0.02890625 0.16171875
0 0.1890625 0.48671875 0.06015625 0.1234375
0 0.28671875 0.45078125 0.05078125 0.2859375
0 0.28828125 0.46953125 0.09921875 0.165625
0 0.2203125 0.409375 0.05078125 0.0828125
0 0.15546875 0.490625 0.053125 0.025
0 0.090625 0.59140625 0.12890625 0.12578125
0 0.0140625 0.5546875 0.028125 0.15546875
0 0.04296875 0.478125 0.03125 0.12265625
0 0.1203125 0.39609375 0.06328125 0.1234375
0 0.12734375 0.44609375 0.0484375 0.07109375
0 0.14453125 0.271875 0.096875 0.13671875
0 0.14296875 0.24765625 0.12421875 0.0765625
0 0.0765625 0.1875 0.06015625 0.19140625
0 0.14609375 0.17578125 0.121875 0.05078125
0 0.2046875 0.07890625 0.06015625 0.0921875
0 0.36171875 0.13203125 0.06953125 0.09609375
0 0.29375 0.1921875 0.0921875 0.08984375
0 0.26640625 0.25 0.0421875 0.15078125
0 0.2140625 0.31171875 0.0484375 0.059375
0 0.01875 0.22578125 0.0375 0.0484375
0 0.31953125 0.096875 0.0703125 0.0703125
0 0.25703125 0.05 0.06015625 0.096875
0 0.0890625 0.05078125 0.053125 0.090625
0 0.4515625 0.0609375 0.115625 0.115625
0 0.4484375 0.1671875 0.1765625 0.13828125
0 0.346875 0.2140625 0.0203125 0.14140625
0 0.48671875 0.25859375 0.06015625 0.17578125
0 0.425 0.33125 0.08125 0.1359375
0 0.5015625 0.403125 0.0875 0.053125
0 0.56953125 0.2140625 0.1046875 0.15546875
0 0.5703125 0.17890625 0.09453125 0.05078125
0 0.65078125 0.096875 0.0953125 0.04140625
0 0.634375 0.1703125 0.04296875 0.10234375
0 0.64765625 0.25 0.04140625 0.0578125
0 0.51640625 0.04375 0.04765625 0.08671875
0 0.74765625 0.02265625 0.0265625 0.04453125
0 0.6515625 0.0296875 0.07421875 0.059375
0 0.57578125 0.034375 0.0703125 0.0640625
0 0.7234375 0.10703125 0.12578125 0.14375
0 0.76796875 0.1359375 0.05625 0.0734375
0 0.88671875 0.52109375 0.0328125 0.05390625
0 0.32265625 0.02421875 0.071875 0.04765625
0 0.00703125 0.3578125 0.0140625 0.146875
0 0.034375 0.3984375 0.04375 0.17109375
0 0.765625 0.72109375 0.0484375 0.21953125
0 0.303125 0.33515625 0.07265625 0.0640625