0 0.31796875 0.63203125 0.0546875 0.01484375
0 0.153125 0.65234375 0.0328125 0.04453125
0 0.14140625 0.6328125 0.03671875 0.0359375
0 0.2390625 0.64921875 0.09765625 0.01875
0 0.225 0.653125 0.02734375 0.046875
0 0.41640625 0.675 0.028125 0.0390625
0 0.3453125 0.6609375 0.06015625 0.0421875
0 0.284375 0.67890625 0.078125 0.015625
0 0.24609375 0.721875 0.05859375 0.01640625
0 0.396875 0.7078125 0.075 0.0265625
0 0.36640625 0.75234375 0.06171875 0.03203125
0 0.3984375 0.72734375 0.028125 0.0171875
0 0.48125 0.740625 0.07734375 0.05078125
0 0.5671875 0.75703125 0.03125 0.04296875
0 0.51875 0.66875 0.0265625 0.03125
0 0.45859375 0.671875 0.0390625 0.02265625
0 0.85078125 0.6609375 0.04453125 0.03828125
0 0.79140625 0.709375 0.05390625 0.0296875
0 0.80078125 0.68515625 0.06640625 0.02265625
0 0.753125 0.71953125 0.0359375 0.02109375
0 0.78359375 0.70546875 0.0609375 0.03125
0 0.840625 0.75078125 0.03203125 0.02578125
0 0.86015625 0.790625 0.04296875 0.02265625
0 0.69453125 0.80859375 0.0390625 0.02578125
0 0.6359375 0.80625 0.05234375 0.028125
0 0.40078125 0.8125 0.0390625 0.01796875
0 0.35625 0.82578125 0.05234375 0.03515625
0 0.4421875 0.75078125 0.07265625 0.02890625
0 0.56796875 0.72734375 0.09375 0.02421875
0 0.525 0.71171875 0.04453125 0.0328125
0 0.1421875 0.77265625 0.03671875 0.02109375
0 0.1734375 0.81953125 0.0375 0.0296875
0 0.271875 0.7890625 0.03046875 0.01875
0 0.346875 0.9 0.05859375 0.03984375
0 0.79140625 0.8515625 0.06953125 0.01953125
0 0.790625 0.76015625 0.05859375 0.0265625
0 0.72265625 0.7671875 0.0375 0.03359375
0 0.675 0.76953125 0.04453125 0.03125
0 0.68203125 0.76328125 0.03984375 0.04765625
0 0.628125 0.7625 0.0390625 0.0328125
0 0.590625 0.7546875 0.0421875 0.0375
0 0.7328125 0.74453125 0.05234375 0.021875
0 0.7765625 0.7375 0.0484375 0.01171875
0 0.67109375 0.71953125 0.04375 0.02109375
0 0.85625 0.7 0.0359375 0.01953125
0 0.67421875 0.69296875 0.04140625 0.03046875
0 0.47578125 0.68671875 0.04375 0.01953125
0 0.54296875 0.6546875 0.03359375 0.03125
0 0.5703125 0.67265625 0.02890625 0.0203125
0 0.59140625 0.7140625 0.046875 0.0296875
0 0.6125 0.69140625 0.06484375 0.01640625
0 0.66875 0.6625 0.0671875 0.01171875
0 0.7171875 0.66796875 0.04921875 0.02265625
0 0.7703125 0.6609375 0.02890625 0.0234375
0 0.8171875 0.64921875 0.01953125 0.03203125
0 0.8375 0.6375 0.02890625 0.0265625
0 0.684375 0.64140625 0.0640625 0.01953125
0 0.95234375 0.87734375 0.0671875 0.01953125
0 0.3890625 0.640625 0.0234375 0.02265625