0 0.41875 0.2765625 0.02109375 0.02578125
0 0.37265625 0.2390625 0.0125 0.02890625
0 0.3703125 0.27109375 0.02734375 0.01953125
0 0.3328125 0.3234375 0.01484375 0.0234375
0 0.5234375 0.2296875 0.01640625 0.01875
0 0.58671875 0.14296875 0.0203125 0.01875
0 0.66796875 0.13046875 0.01796875 0.0265625
0 0.64453125 0.190625 0.00703125 0.05546875
0 0.70859375 0.19296875 0.021875 0.03359375
0 0.675 0.23203125 0.01875 0.0484375
0 0.4265625 0.334375 0.0265625 0.021875
0 0.35 0.4203125 0.03203125 0.0109375
0 0.4328125 0.40859375 0.0203125 0.0390625
0 0.44609375 0.41953125 0.01796875 0.02421875
0 0.53203125 0.43515625 0.01796875 0.02265625
0 0.5859375 0.39375 0.0125 0.03515625
0 0.5640625 0.4078125 0.01796875 0.02734375
0 0.575 0.43046875 0.01875 0.02578125
0 0.6140625 0.45703125 0.02265625 0.02890625
0 0.66796875 0.43515625 0.01953125 0.01484375
0 0.44375 0.51640625 0.01484375 0.0390625
0 0.39375 0.51484375 0.01328125 0.0578125
0 0.378125 0.50390625 0.01171875 0.04609375
0 0.328125 0.4546875 0.01875 0.03203125
0 0.421875 0.6171875 0.01171875 0.0359375
0 0.4609375 0.62578125 0.0296875 0.02734375
0 0.51015625 0.6296875 0.02890625 0.04609375
0 0.553125 0.62890625 0.03515625 0.02734375
0 0.56484375 0.66171875 0.01484375 0.04375
0 0.6515625 0.49140625 0.009375 0.06015625
0 0.6953125 0.45859375 0.01796875 0.03203125
0 0.3421875 0.575 0.02578125 0.0328125
0 0.34375 0.6234375 0.02734375 0.0390625
0 0.29765625 0.63046875 0.0171875 0.02421875
0 0.27265625 0.6546875 0.009375 0.04296875
0 0.28515625 0.63984375 0.01640625 0.0296875
0 0.40078125 0.65546875 0.01640625 0.0515625
0 0.51796875 0.72265625 0.0140625 0.03203125
0 0.4625 0.73125 0.03828125 0.0171875
0 0.44296875 0.76953125 0.01484375 0.06484375
0 0.5375 0.7921875 0.0125 0.03203125
0 0.56796875 0.83125 0.021875 0.0375
0 0.64375 0.7984375 0.028125 0.04296875
0 0.6140625 0.63515625 0.02265625 0.03203125
0 0.6421875 0.68203125 0.0078125 0.0765625
0 0.66484375 0.6453125 0.0234375 0.059375
0 0.5078125 0.8859375 0.01796875 0.03125
0 0.4609375 0.90078125 0.021875 0.03046875
0 0.38984375 0.87109375 0.015625 0.05703125
0 0.37109375 0.78125 0.01484375 0.04609375
0 0.37734375 0.76015625 0.01484375 0.02734375
0 0.3359375 0.82734375 0.0234375 0.040625
0 0.34453125 0.77578125 0.01953125 0.0328125
0 0.33203125 0.7453125 0.025 0.02890625
0 0.30546875 0.74921875 0.0171875 0.03671875
0 0.27578125 0.74140625 0.0125 0.04140625
0 0.28828125 0.81875 0.02734375 0.04921875
0 0.23125 0.715625 0.01640625 0.06015625
0 0.31796875 0.865625 0.01875 0.0359375
0 0.32265625 0.9203125 0.02578125 0.02578125
0 0.328125 0.946875 0.01875 0.04140625
0 0.28984375 0.9453125 0.0265625 0.04140625
0 0.29140625 0.96484375 0.0140625 0.021875
0 0.25234375 0.9921875 0.0421875 0.015625
0 0.62734375 0.0359375 0.00625 0.0359375
0 0.58203125 0.0703125 0.01015625 0.046875
0 0.6359375 0.09375 0.0109375 0.02265625
0 0.65234375 0.04609375 0.01015625 0.03125
0 0.2 0.7578125 0.03671875 0.02578125
0 0.17578125 0.9265625 0.03359375 0.0359375
0 0.17421875 0.86640625 0.0203125 0.0390625
0 0.178125 0.8375 0.025 0.0265625
0 0.2140625 0.89609375 0.02421875 0.0453125
0 0.2015625 0.89765625 0.01875 0.028125
0 0.2265625 0.41875 0.0234375 0.0203125
0 0.78203125 0.72109375 0.0203125 0.03515625
0 0.7890625 0.75546875 0.021875 0.0203125
0 0.7578125 0.7640625 0.02734375 0.02734375
0 0.73203125 0.78046875 0.02578125 0.0265625
0 0.71875 0.740625 0.0234375 0.02578125
0 0.7125 0.64921875 0.028125 0.0390625
0 0.7484375 0.63125 0.02109375 0.02734375
0 0.7796875 0.61875 0.02890625 0.04140625
0 0.80390625 0.5171875 0.02578125 0.0296875
0 0.76484375 0.534375 0.02734375 0.03203125
0 0.76015625 0.521875 0.02421875 0.02421875
0 0.734375 0.55859375 0.01171875 0.04609375
0 0.75 0.57421875 0.021875 0.02421875
0 0.69921875 0.58984375 0.01640625 0.05078125
0 0.696875 0.540625 0.0234375 0.02421875
0 0.69453125 0.49921875 0.0234375 0.03203125
0 0.76171875 0.353125 0.028125 0.034375
0 0.7671875 0.428125 0.01015625 0.03125
0 0.72578125 0.41796875 0.0203125 0.01953125