0 0.79296875 0.384375 0.0515625 0.03359375
0 0.246875 0.28671875 0.03515625 0.0734375
0 0.07578125 0.5046875 0.01328125 0.0640625
0 0.1984375 0.6 0.02421875 0.05546875
0 0.096875 0.62734375 0.05625 0.02578125
0 0.25703125 0.559375 0.01875 0.05390625
0 0.45703125 0.23984375 0.0421875 0.02421875
0 0.50625 0.35625 0.02265625 0.03671875
0 0.40078125 0.4453125 0.03046875 0.071875
0 0.36015625 0.48125 0.053125 0.0640625
0 0.73359375 0.38203125 0.028125 0.04140625
0 0.97265625 0.8390625 0.0375 0.0796875
0 0.34453125 0.58515625 0.0234375 0.04921875
0 0.28515625 0.58828125 0.0125 0.0625
0 0.03984375 0.88515625 0.0421875 0.03828125